id,email
621008,david83@lucero-hill.org
838098,seanyoung@robinson.org
523063,cardenasrichard@gmail.com
512603,kimjoshua@yahoo.com
795624,deborah99@yahoo.com
878581,diazcathy@martinez.net
579832,mjones@gmail.com
569357,aliciacruz@bates-white.info
706119,gary81@gmail.com
576752,robertgallagher@gallagher-stanton.net
536057,beckyhawkins@villarreal-le.net
605597,kevin49@taylor-salinas.com
649986,xsmith@hotmail.com
883146,williampowell@williams-gibson.info
570536,philip16@reid-gregory.com
792628,morrowkim@yahoo.com
779675,michael10@yahoo.com
751637,wendy06@yates.net
561446,maryshaffer@gmail.com
560174,christinewilliams@hotmail.com
522692,gsteele@dyer.com
638048,vhowell@gmail.com
521334,jessicaramirez@bates-huber.info
522687,cassandrachapman@gmail.com
845793,rodriguezamy@griffin.biz
799960,hernandezdaniel@gmail.com
671846,cobbregina@williams.com
676346,glee@yahoo.com
680814,robinsonsusan@patton.org
844137,anne23@martinez.org
575513,natalie05@gmail.com
527964,wanda82@price-henderson.net
837022,danderson@brown-powers.org
774101,aaron58@stark-anderson.com
749412,oblack@hotmail.com
884527,lindsey52@mccarthy.com
858637,fosterkelly@yahoo.com
548641,westelizabeth@riley-mcclure.info
715615,jasonward@gray-harris.info
610927,sheilacross@hotmail.com
711938,lewisyolanda@nelson.org
549291,laura79@gmail.com
628652,ryanholly@odom-johnson.net
667973,kortiz@yahoo.com
681218,dberry@oconnell.org
579547,pbrown@gmail.com
843160,matthew13@yahoo.com
789449,rwright@bennett.biz
868397,roblespamela@hotmail.com
735854,nicole29@waller-robles.info
519228,eallen@valencia.net
837830,jessicajackson@anderson.info
644942,jennifer70@hotmail.com
809960,bobby73@yahoo.com
745486,eddie57@hotmail.com
791853,isnyder@williams-taylor.com
637848,tcollins@gmail.com
873205,jamessherman@shepherd.com
821228,matthew03@rogers-colon.net
548138,catherinejackson@avery.com
755220,janescott@gmail.com
776830,michaelpollard@yahoo.com
567199,mary72@potts.com
789735,erikakennedy@allen.org
737048,brownsamantha@aguirre.org
766709,danielleanderson@ramirez-lee.net
842807,martinblankenship@cooper.org
671183,derrick71@white.com
770379,jbuck@yahoo.com
717065,qedwards@wright-wilson.com
720429,jamesdixon@hotmail.com
633652,sfreeman@gmail.com
731247,loweamanda@yahoo.com
815628,kramermelanie@yahoo.com
657040,lindaelliott@alvarez.biz
624682,ruizscott@price-mitchell.info
508302,christopherjarvis@morales.com
894881,brenda25@yahoo.com
553999,nicolejordan@gmail.com
595239,rose60@thompson.net
693957,jennifer09@yahoo.com
861887,zwright@gmail.com
680409,michaelbyrd@wagner-turner.info
661449,dfernandez@roy-alvarado.net
530772,victoria71@gonzalez-macias.com
750653,gina48@white.com
818261,glennnorman@weaver.info
547428,colemancurtis@mitchell-jones.com
652915,anthonysmith@yahoo.com
572709,marcus57@yahoo.com
856994,tanyarodriguez@gmail.com
730567,devin70@montgomery-benton.org
764717,garciaabigail@morris-green.com
615324,fsmith@yahoo.com
833066,halljoseph@hotmail.com
874647,erobles@gmail.com
869975,danielmichael@lawrence.com
508318,sandersandrea@gmail.com
807463,andrew65@yahoo.com
525038,luisbrown@griffin-hester.net
882154,sara39@mccormick.com
652245,bethkelly@bell.com
644118,dtaylor@yahoo.com
566741,natasha70@yahoo.com
802056,parkershawn@jones.info
571331,shepherdpatty@yahoo.com
508400,martha74@yahoo.com
628269,ganderson@fitzpatrick.com
544411,olyons@gmail.com
666111,annasharp@gmail.com
625188,bonnieperkins@gmail.com
611199,reedelizabeth@gmail.com
683865,judygardner@ingram-grant.com
781957,hamptonkim@gmail.com
737317,lance09@yahoo.com
619780,paul79@gmail.com
587936,desiree09@cook.com
842355,barbara10@thomas.com
866796,mcgeestephanie@gmail.com
606302,williamcarlson@gmail.com
500775,stevenmarshall@yahoo.com
537980,gonzalezjames@yahoo.com
684317,jason58@hill.com
693012,leah20@fernandez.info
551348,kathleensullivan@yahoo.com
520699,robinsoncory@gmail.com
591596,heidicampbell@yahoo.com
710170,melvin79@gmail.com
789595,osmith@baird.com
722056,david11@sutton.com
637042,catherine13@hotmail.com
708963,huntcarol@hotmail.com
660951,riveramolly@yahoo.com
804057,collinspaul@gmail.com
544674,mark96@gmail.com
534337,adriana57@hotmail.com
700629,woodardkaitlyn@melendez.com
740241,thomassmith@arias-green.com
551578,johnsonkaren@hotmail.com
804399,lward@davis.com
501365,williamscarol@burns.com
670660,jordanstephens@moon.org
840761,maria56@yahoo.com
563408,andrew66@hotmail.com
854614,michael48@gonzalez.com
757089,amandalane@barber.com
748906,fbonilla@hotmail.com
834521,mcdowellelizabeth@gmail.com
812372,rchen@yahoo.com
638713,lopezmichelle@myers.com
643216,katherineturner@gmail.com
892886,lauramendez@long.biz
681383,nathangomez@thompson-jennings.com
598838,gregory66@atkinson-cole.org
608112,melissa42@gmail.com
737963,lewisdevon@yahoo.com
797035,rodriguezaaron@scott.com
823060,bobbyclark@gmail.com
791543,knappjoshua@yahoo.com
673718,patellarry@hotmail.com
725615,jillweiss@cunningham.biz
554491,zsalinas@yahoo.com
756099,jacquelinelynn@hotmail.com
847590,laurawebb@hotmail.com
686951,ypatton@shelton.com
537230,rebeccawilliams@gmail.com
877920,andremiller@harrison-giles.info
536093,kennethkane@gutierrez.com
621547,zsmith@walker-george.com
537633,nicholasbarnes@bryan-manning.com
560073,tbrown@hotmail.com
659165,johnsoncassie@smith.com
896074,chelseaconner@hotmail.com
545923,jacobscharles@hotmail.com
865759,laura65@gmail.com
620896,rhondamarshall@hotmail.com
711810,vcarroll@yahoo.com
507114,iburnett@gmail.com
618710,gmelton@brooks.net
546311,fowlerjanet@yahoo.com
711053,stephaniemartinez@yahoo.com
515327,mitchell45@benson.org
524480,monicafletcher@hernandez.biz
526264,melissajohnson@gmail.com
698791,qroberts@larson.biz
550227,jaime74@herrera.com
877372,craigjohnson@peterson.biz
701960,meaton@davis.com
874599,stevensstephanie@rodriguez-adams.com
867332,erica64@reese-dodson.biz
764831,beckerchristopher@gibbs.com
830927,shannon83@dudley.com
828642,elizabeth75@hotmail.com
598376,austinmalone@yahoo.com
593981,allenadam@gutierrez.com
744316,wendy70@gmail.com
650209,lhansen@hotmail.com
693999,ghernandez@jackson.com
714379,robert99@carter.com
884534,udavis@yahoo.com
568189,bdavis@hotmail.com
685646,ronaldgarcia@gmail.com
795047,matthew13@kramer.net
862428,jcarrillo@yahoo.com
605590,greggnelson@yahoo.com
792791,kimberly82@bishop.com
537984,nthornton@smith.com
660522,vcastaneda@schmidt.com
891797,samantha80@brown-rowe.info
637759,robert14@yahoo.com
845488,robertrogers@gmail.com
578288,evansfaith@campbell.biz
835031,cheryl93@yahoo.com
676984,heather92@gmail.com
745713,hphillips@sanchez-small.com
523721,smallbrian@brock.com
692076,natashabryant@wood.com
675376,drodriguez@rogers-banks.com
606938,pedrocook@gmail.com
638788,williamsbrandon@fletcher.com
522335,juanmedina@gmail.com
703606,qwilliams@lee.com
785801,smithemma@mcdonald.biz
723561,warneralexander@yahoo.com
654527,glenda81@yahoo.com
711634,uleblanc@yahoo.com
694489,jacob35@gmail.com
523777,taylor36@gmail.com
769746,nataliebrooks@marshall.org
650631,woodmichael@yahoo.com
508141,seanmoran@yahoo.com
838151,klinewilliam@blackwell-marquez.com
685079,dstone@bruce.biz
847051,shawnmason@gmail.com
685774,katrinabaker@yahoo.com
592935,wtucker@hotmail.com
755859,ileon@hotmail.com
614494,stevenanderson@erickson-smith.com
688485,janicegriffin@davis.org
698509,smithdavid@ramos.org
593340,theresa32@roy.com
801286,jessemendez@hotmail.com
693470,joan54@sullivan.com
667249,kristywilliams@carter-york.com
826366,rileyrandy@marshall.com
559203,asmith@benton-gallagher.com
598663,yestes@cook.com
543508,colemankelly@snyder-joseph.info
503989,rodriguezdenise@yahoo.com
570291,dawnmueller@murphy-mckee.biz
833656,amanda77@george.com
640998,slee@gmail.com
587871,sabrina52@gmail.com
811482,garzamichael@gmail.com
561903,tylersmith@clayton.com
898964,ustephens@hotmail.com
823004,john44@yahoo.com
664687,kimberly74@yahoo.com
875000,madison95@hotmail.com
542515,bchavez@yahoo.com
658866,janetmorse@yahoo.com
652467,bbailey@owens.com
784186,garnerariel@hotmail.com
710507,kanderson@gmail.com
895231,hannah95@gmail.com
576061,cody88@yahoo.com
802770,iandrade@lewis.com
653187,melissanguyen@hotmail.com
610403,quinndavid@gmail.com
558889,adam25@hotmail.com
862501,joseph15@hotmail.com
626099,vsimon@yahoo.com
760217,elindsey@wright.com
568395,amyjackson@gmail.com
525731,joneskimberly@hotmail.com
570545,mle@martin.com
699485,rmoore@powers.net
569626,dduncan@hotmail.com
788259,smithpaul@hill.info
570244,rachaeljohnson@hotmail.com
742349,roberto33@yahoo.com
807684,lpeterson@martin-bryant.biz
513733,garzatimothy@suarez.com
558880,umullins@yahoo.com
511663,aguilarmaria@pacheco-harper.com
525236,stephen49@hotmail.com
534456,john17@hotmail.com
655723,william84@hotmail.com
843458,matthewsashley@yahoo.com
869062,gregorysimpson@gmail.com
563038,schultzjohn@moore-price.com
783915,bartlettthomas@yahoo.com
860165,coletravis@carroll.com
745638,pproctor@hotmail.com
775242,kellygriffith@hotmail.com
647336,monica67@shah.com
811170,ashleytorres@gmail.com
749994,datkinson@gmail.com
582354,ewhite@yahoo.com
592144,tmitchell@yahoo.com
575567,wilsonelizabeth@sullivan-lewis.org
770212,david34@moreno.org
838752,christian94@gmail.com
778988,patrick17@jordan.com
545207,vwarren@simon.net
541933,raymond98@hotmail.com
807232,kevin30@aguirre.info
821382,danielrodriguez@martinez.com
887308,hernandezjudy@gmail.com
836922,kimberlycummings@hotmail.com
519607,franklinrandy@clark.com
665662,tjones@irwin.com
814035,marksilva@gmail.com
648388,sware@alexander.com
851646,marcusmorrison@hotmail.com
898428,kstanley@simmons-fowler.org
818911,danielleknight@yahoo.com
715082,ronaldgreene@blair.info
559692,nnichols@davis.com
737419,ubanks@alexander-cruz.com
786813,natalie07@gmail.com
504233,richard37@hotmail.com
634408,wayne34@hotmail.com
751700,elizabeth81@gmail.com
530590,smcclain@cook-reeves.com
648711,evelynharmon@pollard.com
876434,samantha23@gmail.com
812436,jennifer87@smith.info
810679,brookegalloway@gmail.com
721909,emma96@daugherty.com
851448,jenniferkrause@horne-wright.com
829347,carlmitchell@gmail.com
830296,lindamclean@english.com
787643,chanbrian@watson.info
661938,zpadilla@gomez.net
671302,amy91@hotmail.com
542374,lewisstephen@sanchez.com
816796,eric27@yahoo.com
566786,ufischer@yahoo.com
792733,jonestiffany@hotmail.com
550872,patrick68@greer.com
895518,thowell@bowen-garcia.com
755941,esanchez@hotmail.com
584804,charles16@hotmail.com
553519,craigbilly@hotmail.com
573091,hannah37@hotmail.com
761337,kathyflores@brown.info
600698,michelle05@todd-holder.com
648880,jerry82@hotmail.com
525414,kelseyhawkins@kirby-macdonald.com
708068,victoriaharrington@wright.com
637942,jacquelinemitchell@yahoo.com
632123,karimiller@young.com
744843,brandon90@parker.org
696229,tina07@hendrix.net
725253,lbond@mcbride-roberson.com
635123,david49@hotmail.com
711083,matthew29@king-jarvis.com
822476,ronaldmarshall@hotmail.com
507292,millerteresa@travis.info
562563,john22@brooks-jones.com
566981,sara98@gmail.com
521423,pmartin@obrien-willis.com
766216,scottkenneth@knox-mcguire.com
778247,dennis56@bennett.com
802418,brittany82@yahoo.com
617426,denisevazquez@gmail.com
843430,ortizwayne@yahoo.com
524634,holderjames@hotmail.com
830198,wgarcia@terry.org
551733,martinsarah@rivas.info
538422,adam01@huff-smith.com
718920,emmalee@smith.com
596554,pwilson@gmail.com
704623,wandanunez@fisher.com
543396,upierce@gmail.com
661568,pcohen@yahoo.com
538204,reneebell@harvey-foster.com
583990,darrell62@hotmail.com
862194,reginaldspence@hotmail.com
857618,woodswalter@hotmail.com
580111,tammy07@acosta-austin.org
631142,cunninghambrian@jackson.org
850048,christina63@yahoo.com
645160,bharris@gmail.com
534500,cole08@gmail.com
848015,kristin42@yahoo.com
711856,zsaunders@yahoo.com
563579,kimberlyowens@pacheco.net
752354,hillaustin@gmail.com
522909,fullerrebecca@gmail.com
790925,fallen@hotmail.com
748530,florestammy@gmail.com
726159,justin68@cruz.biz
822012,elliseugene@baker.com
510948,tryan@yahoo.com
774899,steventhomas@hotmail.com
756930,nrivera@hotmail.com
683928,allisonroberts@mitchell-merritt.com
807257,sandyguerra@hotmail.com
792579,yallen@meyer.org
733576,calderonmeghan@gmail.com
899099,donna79@hotmail.com
727294,emartin@gmail.com
897878,obrientommy@camacho-shaw.com
821436,odommelanie@yahoo.com
563896,quinnregina@gonzales.info
793116,watkinskathleen@hotmail.com
687746,larsonscott@hotmail.com
737390,moralesandrea@gmail.com
568779,kevinwatson@miller-scott.com
512286,helentaylor@gmail.com
699554,angela63@chen.com
589554,paul55@hotmail.com
504815,luisjohnson@armstrong.com
817353,godonnell@gmail.com
501887,jpierce@yahoo.com
706424,jacksonsherri@hotmail.com
592747,emilyvargas@luna.com
787064,leonardnancy@wright-murphy.biz
882717,qbennett@yahoo.com
873325,chloe25@gmail.com
854735,carl12@kirby.com
894667,loriwilliams@rowe.com
860648,jerryestrada@yahoo.com
616219,burnsvictoria@gmail.com
632195,stephaniesaunders@yahoo.com
650679,wsnyder@greene-hill.net
640801,williamwheeler@fischer.com
687826,latasha08@jordan.com
700428,kennedydonald@berg.com
818715,hannahle@martinez-jimenez.com
828098,wilsongregory@yahoo.com
862784,freyes@yahoo.com
805763,chaddavis@hotmail.com
657101,ashley91@king.biz
752649,jeanette41@gmail.com
586596,amymoreno@yahoo.com
691074,dawn42@yahoo.com
594131,gclark@yahoo.com
736173,courtney67@miller-booth.net
697891,susan43@gmail.com
829061,jesus99@gmail.com
732006,jsilva@grimes.net
770447,shanewhite@hotmail.com
817728,kmelendez@barr.com
896805,gscott@nixon.com
698121,douglasjohnson@hotmail.com
502555,cmeadows@gmail.com
768452,dawnbates@morgan.biz
624908,kmoses@herrera.com
647796,omartinez@smith.com
802360,robert59@hotmail.com
504202,kimberlycollins@hotmail.com
858037,kmays@orozco.info
657046,xpeck@yahoo.com
621045,amy99@wolfe.net
763088,psanders@hotmail.com
771447,lisaholloway@hotmail.com
629879,erikpeters@flynn.com
645970,lauriemoran@allen.biz
510672,joel32@morgan-washington.net
593378,coryrodriguez@burton-phillips.com
521605,kathy82@yahoo.com
868425,qdennis@yahoo.com
626216,cheyenne56@padilla-johnson.com
838641,christina54@hotmail.com
748395,jsimmons@french-johnson.com
889747,steven23@logan-cooley.com
894796,vgriffith@yahoo.com
891776,cmccullough@schneider-harvey.org
654419,jason23@gmail.com
551917,maxthomas@gmail.com
871597,molinazachary@gmail.com
765236,garnerwilliam@gmail.com
833373,brian43@mora-soto.com
591288,benjamin33@davis.com
789551,mcintoshdanny@riley-rowe.net
877882,jeff51@ortiz.com
755930,johnsonbrittany@scott.com
663026,dkidd@wilkerson.net
809193,chapmanbrandon@hotmail.com
770054,mannalexis@jones-harrell.com
649353,ashleycox@gmail.com
795198,laurenhall@hotmail.com
883366,lwarren@miller.com
746289,astewart@gmail.com
798444,brownjonathan@aguilar.com
632894,ulittle@hotmail.com
625113,deborahdavis@wright.com
506874,sgriffith@tyler.net
851972,vgreen@turner.com
501325,petermcintosh@yahoo.com
568806,darren35@gmail.com
585704,jessica24@tate-anderson.biz
533633,denisejones@hotmail.com
632079,sarahgonzales@meyer.com
692647,robert73@hotmail.com
547430,tina94@ewing.info
616863,jeffersonjohnny@warner.com
552159,marksanchez@hotmail.com
565550,jennifer19@barron-stewart.com
773706,shannoneric@hotmail.com
592683,angela05@ross.com
812998,laurenmercado@gmail.com
722093,theodorehuber@gmail.com
569009,sara47@combs.com
897855,fernandezelizabeth@yahoo.com
666952,bellkayla@yahoo.com
702542,snyderjanice@gardner.com
685155,mcculloughlynn@garcia-austin.com
608372,saralee@osborne.biz
550855,crystal85@carrillo.info
745949,ccook@holland-huffman.com
548145,hendersonjennifer@hall.info
898253,knoxcaitlin@gonzalez.org
527810,johnsjoshua@harvey.info
651130,sandra06@gmail.com
542386,jamessweeney@yahoo.com
661613,jonathanparks@hotmail.com
544407,stephen06@ramirez.net
747199,francokaren@hudson-larsen.org
743938,swilson@hotmail.com
771288,phelpsscott@yahoo.com
732013,guerrerotanner@woodard.org
818853,brianjohnson@anderson.com
682235,marvinhenry@gmail.com
518608,tanderson@soto.com
685238,davisannette@davis.info
694484,leslie80@raymond-cole.com
840145,jnorton@bell.net
871593,opratt@johnson-jimenez.com
809472,mike12@mcfarland-riley.com
524035,william25@yahoo.com
531615,zcarson@gmail.com
593363,brian06@pruitt-browning.com
692575,ghall@ortiz.biz
633144,logan27@morris-miller.org
858726,gary99@gmail.com
797535,westrada@hotmail.com
860886,andrewwallace@dyer.com
848110,david65@howard.org
827080,jglover@yahoo.com
687257,weaverbarbara@owens-allen.info
685988,mercercourtney@gmail.com
806307,ramosdanielle@fuller-conley.com
716303,ldoyle@hotmail.com
652037,hboyle@hotmail.com
608155,stacy54@robertson.com
551247,billymcconnell@cooper.com
846174,kristin70@gmail.com
806124,patriciamccarty@thomas-campbell.com
510743,jessica91@gmail.com
681091,ryanbutler@rivera.com
573153,daniel07@hotmail.com
754749,qrivera@hotmail.com
787776,simondavid@black.com
514602,melinda65@hotmail.com
804692,glenn67@estrada.com
572672,emilyallen@hotmail.com
887917,timothyreyes@hotmail.com
639344,haileygarrett@yahoo.com
838430,tschneider@rush-khan.com
751910,nicholastran@yahoo.com
844789,williampotts@hotmail.com
730334,myoung@joseph.biz
866474,xshepherd@nguyen-allison.org
793572,megan46@harper-miller.org
733504,mitchellmichael@yahoo.com
510949,eric97@long-henderson.com
731269,lisa91@hotmail.com
596513,jonathon98@adams.com
529156,blairsarah@smith.net
723151,wheelerdaniel@griffin.net
614112,efloyd@young.com
504319,timothy87@gmail.com
799608,todd38@gmail.com
881485,franklinjustin@morris.biz
549190,graywalter@hotmail.com
867554,brian19@yahoo.com
577371,kelli09@white.com
532699,hudsonkaren@yahoo.com
739047,timothy15@yahoo.com
507858,amcbride@black.biz
591299,jpowell@rosales.com
899378,herringjoshua@yahoo.com
672151,jessica48@walker.com
738133,gregory48@mckinney.com
861876,greenrobert@huffman-schultz.com
556321,antonio68@johnson.com
568222,elliskelsey@martinez-campbell.info
791611,brandon99@hotmail.com
895566,rebecca64@hotmail.com
822999,blozano@gmail.com
604815,collinsgary@mccarthy.info
668546,christopher34@brown-chaney.com
649532,howardjohn@henry.com
829005,smiranda@kelly.com
853325,sheri29@yahoo.com
657234,terryashley@yahoo.com
568498,yhorn@casey.info
736107,thomasheather@gmail.com
633511,aprilburch@hotmail.com
620935,moralesjessica@duncan.com
886128,sheltonian@roy-thomas.com
690372,kiaracarrillo@frank.com
757131,jenniferholt@yahoo.com
861064,jonesthomas@young.com
566298,joneskatelyn@stevens-weaver.com
692240,kyle52@hotmail.com
564056,markrichards@lester-holden.com
567740,whitneypamela@hotmail.com
667206,williamedwards@rivera.com
821675,scampbell@rivas.com
651308,michaelmiller@zhang.net
832933,cindyjones@bell.com
822870,kpatterson@hahn-david.net
721454,stevensalyssa@hotmail.com
752990,westrebecca@duffy.com
659655,kim86@matthews.biz
531626,jgutierrez@yahoo.com
865634,charlesjimmy@vazquez.com
651539,sandramcgee@wallace.com
738346,coxgregory@hotmail.com
799925,robin80@thomas.org
557348,erobinson@yahoo.com
667004,lisa06@hotmail.com
545259,njohnson@gmail.com
805918,ewatts@miller.com
775801,jessica98@howe.biz
674080,zdavis@flores-ferrell.com
858480,eneal@yahoo.com
850503,oscar31@yahoo.com
760143,cvelasquez@yahoo.com
807824,fjones@valenzuela-simmons.org
808406,stephenburke@gutierrez.net
749818,kruegercourtney@yahoo.com
769332,vhurst@branch.com
825599,sotothomas@yahoo.com
712104,johnspencer@gmail.com
727746,wrightmelissa@hotmail.com
692830,kelseyfrancis@coleman-santiago.com
502618,michael81@stephens-george.info
781085,jennifer01@yahoo.com
506724,peter00@yahoo.com
791802,morgankaren@mills-murray.com
586149,patriciagonzalez@perry.net
819338,smartinez@vance.com
522663,brandy01@johnson.net
830175,david48@yahoo.com
850402,apoole@gmail.com
752590,barbara25@kelley.com
659147,barbaralove@gmail.com
540581,barneswilliam@hotmail.com
507128,troygonzalez@pacheco.info
796852,caroljuarez@hotmail.com
699891,michellebrown@hotmail.com
760201,dawsontara@yahoo.com
817826,gonzalezmichael@perez-roberts.com
704975,jacobsonmichael@gmail.com
780600,jacksondavid@yahoo.com
859097,steven68@gmail.com
749042,sarah89@hebert.org
639185,garciajacqueline@mcmillan.com
590749,elainemoore@hotmail.com
631721,william93@perez.com
793990,barnesrichard@johnson-patton.biz
599513,melissa17@hotmail.com
875170,teresagray@yahoo.com
871055,gmiller@williams-ramirez.biz
657915,carolyn33@hotmail.com
677216,eschmitt@wiley.info
768842,michaelgreen@johnson.com
878289,davisrandy@yahoo.com
856154,wnelson@evans-phelps.org
817900,keithstevenson@grimes.info
801231,garrett21@hotmail.com
643268,christopher20@anderson.com
810780,john71@todd.net
706738,bmann@yahoo.com
661817,andersonrichard@taylor.com
845110,adelgado@gmail.com
873831,cclark@gmail.com
687103,michael67@crawford.net
899361,smithryan@hotmail.com
567963,dfischer@hotmail.com
538854,barnesmichelle@landry-monroe.org
530224,mercadodavid@rodriguez.net
659192,barnesfrederick@hernandez.biz
764069,marthahill@gmail.com
841282,hcarter@hotmail.com
749251,cstevens@hotmail.com
734676,carolstevens@yahoo.com
805670,laura45@baker-garza.org
599694,patrick63@yahoo.com
621871,ubaker@yahoo.com
638802,mitchellmelissa@hotmail.com
759411,huntersaunders@hotmail.com
702196,bradleysanchez@gmail.com
571914,william57@franklin.com
851706,cynthiawilliams@watson-chavez.com
862535,justin97@yahoo.com
846587,anthony18@bradford.biz
617397,jacobhenry@daniels.net
531752,lrobinson@hotmail.com
662066,lauren46@yahoo.com
875953,dwilson@hotmail.com
834547,millermartha@peterson.net
679303,pettyjessica@gmail.com
708012,roachkevin@ruiz.com
557002,adambutler@hotmail.com
866859,brianna75@yahoo.com
686528,mariahenderson@yahoo.com
771782,nancy02@smith.com
679474,reynoldscharles@willis.org
888004,ryanthornton@jones.net
608063,jamesbutler@yahoo.com
602560,christiansmith@gmail.com
643826,george27@ritter-little.info
802489,davidjulie@jefferson-zamora.com
870013,stephenswillie@yahoo.com
546856,franklincynthia@yahoo.com
840413,vbeard@anderson-stephens.net
811958,vtorres@yahoo.com
655068,georgechristina@hotmail.com
581108,timothy61@zamora-lewis.net
700292,smithbrandon@yahoo.com
893838,lisarodriguez@hotmail.com
645717,perezjohnathan@santos-bennett.com
618622,hhicks@yahoo.com
505693,aharris@banks.net
606633,russell17@williams.com
553884,kennethriley@conrad.com
898165,elizabeth63@hotmail.com
650002,bradley79@jacobs-munoz.org
784894,dorothy26@snyder-williams.com
683062,andrew76@gmail.com
894907,alexiswilson@smith.info
864387,chloe26@gmail.com
574346,yconrad@gmail.com
718653,loriosborne@douglas.com
848650,sfrost@bailey-price.com
691218,dgutierrez@yahoo.com
602390,huangkaren@yahoo.com
879077,brettjohnson@valencia.com
760128,hcurry@hardin.com
723110,xcastillo@patterson.com
692613,tristan27@moore.com
745760,jamessmith@morgan.net
688174,aaronreed@miller.com
576588,danielsjustin@steele-ramirez.org
823440,jbenson@yahoo.com
739496,dcampbell@hotmail.com
654015,harveygregory@yahoo.com
745281,dalvarez@brown.info
694697,dyoung@hotmail.com
714193,mckenzierobin@hotmail.com
610681,oyoung@rose-allison.biz
643022,angelicabarker@moran.com
655418,rasmussenrobert@johnston.net
720568,leealexander@hotmail.com
640223,david33@patel-burns.com
761879,johnny58@yahoo.com
531247,donnahernandez@gmail.com
583252,qcooke@gmail.com
761695,mfry@hall.org
657840,jenniferlewis@johnson.com
831630,susan39@green-wood.com
525876,levirodriguez@soto.com
803116,ryancruz@hotmail.com
880791,shortnancy@yahoo.com
711515,jessica12@hotmail.com
854772,kristengarcia@yahoo.com
794540,marvin46@garcia-rodriguez.com
831538,mrodriguez@hotmail.com
849318,johnsonchristopher@sosa.com
750068,jessicagibbs@hotmail.com
744184,nelsonsteven@gmail.com
587499,dennislawrence@bennett.info
526731,calvin87@gmail.com
798384,jamesjulie@clayton-peterson.com
748925,charlenemckenzie@hotmail.com
579699,richardjohnson@maddox.biz
848023,allison65@silva.biz
717607,kathrynscott@yahoo.com
613585,melindabailey@garrett-scott.com
729679,chaneymichelle@nicholson.org
589113,vlopez@yahoo.com
576613,tpotter@turner.com
761704,timothy83@gmail.com
853318,sotoaustin@gmail.com
732103,ryanronald@clark.com
697870,nancyfrancis@gmail.com
649226,garciadaniel@davis-barber.com
730571,ronniepacheco@hotmail.com
686642,sroberts@yu.com
873137,wmarshall@yahoo.com
734646,emily01@welch.com
625928,dawsondaniel@gmail.com
615314,qparker@walters.com
823232,yrice@yahoo.com
865041,yhall@yahoo.com
634012,bcarter@gmail.com
578894,angela76@gmail.com
835134,howardoscar@jefferson-allen.com
594473,mandyreilly@bowers.com
811257,gmanning@yahoo.com
512770,riosgregg@mejia.net
753651,msmith@gmail.com
707146,jeffreygarcia@andrews.com
678711,fporter@gmail.com
598049,jeffery41@gmail.com
728824,charles14@hotmail.com
536338,yangrachel@nixon-berry.com
899058,larsenrachel@gmail.com
587387,ambergilbert@hotmail.com
796150,troygarner@dodson-doyle.com
895129,richard50@gmail.com
508680,charris@mercado-jones.net
553437,fredericksingleton@hotmail.com
703869,amyjohnson@barnes-navarro.com
734299,umunoz@gmail.com
891844,browneddie@yahoo.com
556094,reginaldbentley@thornton.net
546829,ariana76@hotmail.com
571302,ureyes@carey.com
508412,victoriacooper@murphy.com
766958,fernandezwilliam@gmail.com
836854,willieochoa@summers.com
614487,jacobfuller@curtis.com
863373,ecarter@lynch.com
847790,laurie07@yahoo.com
687806,maryberg@hotmail.com
769138,fernandokeith@vang.com
877077,michaelperez@gonzalez.com
701291,jonathan11@gmail.com
532820,christine89@gordon.com
534382,lindsayanderson@gmail.com
684212,trevorallen@vaughn.com
728630,mosleylaura@yahoo.com
508252,robert57@gmail.com
556928,ybrennan@banks-baker.com
513790,garyroach@brown.com
741376,david06@gmail.com
674042,ojackson@yahoo.com
591740,ostewart@yahoo.com
768661,owilkins@hotmail.com
825806,smorgan@hotmail.com
681288,millerwilliam@dean.biz
697582,vhodges@yahoo.com
514208,petersonsharon@yahoo.com
815060,april85@montgomery.net
873047,mullinsrobert@yahoo.com
680934,holly40@jones.com
588288,katiethomas@humphrey.com
718419,bjones@moore-king.com
742327,philip63@yahoo.com
695653,petersdonald@yahoo.com
721755,georgesmith@wood.com
587098,timothycarter@morales.net
729791,dmclaughlin@hotmail.com
784143,porterdavid@gmail.com
640458,fbradley@hotmail.com
799746,joshua30@hotmail.com
840124,qvaldez@hernandez.com
741465,swallace@hotmail.com
537819,gary19@dixon.com
653897,randymitchell@watkins.biz
653140,friley@gmail.com
510018,joseph19@goodman.com
724121,landerson@mosley.com
613768,markcrawford@hotmail.com
502863,curtis88@gmail.com
754805,stephensonjennifer@hotmail.com
788620,timothy91@shaw-pierce.com
772462,lisa96@hotmail.com
501914,hwilson@lowe.org
706495,michaelsmith@gmail.com
773777,robert61@yahoo.com
574409,james29@gmail.com
556524,laura81@hotmail.com
821373,mullinssusan@simon.com
614479,tuckermolly@maxwell-montgomery.com
506614,ihaynes@yahoo.com
737472,eileendavis@gmail.com
894665,yreed@walsh.com
644797,rfreeman@yahoo.com
505020,jonathanfloyd@leblanc.org
866678,eweaver@hotmail.com
744765,troyrichardson@hotmail.com
502156,pruittkathleen@smith-martinez.com
701342,fitzpatrickdonna@gmail.com
556249,tammycooper@gmail.com
704350,brittneyfisher@lee.net
595071,fcampbell@hotmail.com
615923,dpadilla@howard-phillips.com
605250,shane55@garrison-turner.com
784418,fberry@taylor.net
751327,austin36@gilbert-freeman.net
675444,bryankane@phillips.com
716017,david82@hotmail.com
899644,tuckerdennis@sullivan.biz
570037,rodriguezjennifer@spencer-neal.com
843719,tara19@sparks-brooks.org
572352,ramseychristopher@hotmail.com
769715,cbanks@gmail.com
588540,hudsonnorma@hotmail.com
577303,melissabridges@orozco-clark.net
710787,davidsmith@gmail.com
625052,jwest@hotmail.com
658293,lancecoffey@rodriguez.com
535416,ajohnson@diaz-baker.biz
865180,sharonreed@cummings-wood.com
519630,whill@mooney-gonzales.biz
524724,bgarrett@hotmail.com
886303,kellyjones@todd.com
550785,tbrooks@jackson.info
711742,rsmith@mcclure-ross.net
862394,gmiller@sanchez-valdez.com
696474,william44@hotmail.com
667169,curtis04@jones.com
670535,brianna49@miller.net
570718,chanson@gmail.com
764740,nicholas16@yahoo.com
573888,aromero@yahoo.com
559914,ethan02@yahoo.com
773633,vwilkins@wise.com
553817,ocantu@yahoo.com
891837,ecampbell@hotmail.com
599900,davidjohnson@yahoo.com
795618,stevenhaynes@sparks.com
641815,lauracollins@garcia.com
688284,jesse59@gmail.com
551344,mooredonald@hotmail.com
671871,derek88@yahoo.com
841348,clarkjustin@yahoo.com
821691,ecarter@lewis-rangel.com
572806,mallory75@gmail.com
545168,burkemitchell@gmail.com
751540,ian60@hotmail.com
872181,mjones@gmail.com
893256,elizabeth86@yahoo.com
733277,stephanie89@gmail.com
524952,gmills@yahoo.com
569093,iknight@smith-phillips.info
696446,kristen21@hotmail.com
560157,hortontravis@wright-hines.com
852447,martinezryan@yahoo.com
868533,karenbass@wilson.com
759925,rrosario@nguyen-smith.com
654941,nicolereyes@romero.com
552667,rhickman@miller.com
799399,lamwendy@cantrell.com
509519,leslie96@christensen.net
843167,richard75@newton.com
807709,patrick30@thompson-andrade.com
883025,fosterryan@gmail.com
899659,qerickson@gmail.com
595067,walkerkelly@gmail.com
749663,phillipscott@hamilton.com
769133,fellis@yahoo.com
782911,toniperez@wise.com
819494,jimenezlisa@yahoo.com
523424,gonzalezmatthew@yahoo.com
670623,erodriguez@clark.com
624193,peterallison@hotmail.com
580529,baileymonique@brown.com
747958,carol46@shaffer-davila.biz
815972,kyle29@white-kelly.biz
719803,pdaniel@hotmail.com
844975,xmedina@yahoo.com
609235,sarah87@ball.com
867651,emily69@gmail.com
839352,omendoza@gmail.com
556477,chapmanelizabeth@smith.com
811784,shane73@gmail.com
862816,lori73@barton.com
828934,peter90@hotmail.com
526127,ohudson@hotmail.com
724408,katrinaknight@taylor.com
568121,chudson@hotmail.com
583700,christinapayne@gmail.com
830062,chad67@moore.com
888735,xhammond@hill-larson.com
709106,lisarodriguez@ayers.com
732123,xmontoya@davis.com
849639,scottmurphy@price-gilbert.com
852992,donaldjones@fisher.com
667891,brownsylvia@walker-hardin.com
842312,nicole23@hotmail.com
695445,jessemoreno@gmail.com
740818,hatfieldcheryl@gmail.com
679257,tsutton@hotmail.com
784382,amyjimenez@walton-allen.com
609037,gilberthannah@yahoo.com
503164,matthewkelley@hotmail.com
863295,hubbardmichelle@yahoo.com
749778,cory30@caldwell-yates.com
824275,harrylee@taylor.com
779621,allenolivia@richards-miller.biz
584395,avalenzuela@smith.org
676246,brittanymiller@hotmail.com
629396,tuckerrobert@hotmail.com
612726,michaelscott@williams.info
540712,mercerkimberly@nelson.org
742360,djimenez@howard.com
623680,ocrane@campbell-fox.com
726719,bentonpeter@anderson.com
853845,lopezerik@henry-jones.com
719346,amandacamacho@gmail.com
614931,rebeccavaughn@yahoo.com
857895,karenchandler@moore.com
749185,sarahkhan@white.com
622164,matthew75@peterson-lozano.info
586996,kelly05@white.com
500040,parker19@mccormick.com
773759,obaker@gmail.com
862492,whernandez@andrade.biz
766945,xcarroll@hotmail.com
768194,gilmorerebecca@scott-king.org
743878,janetalvarez@gmail.com
633106,joannanorman@hotmail.com
643365,lisawilkins@yahoo.com
809515,smithshannon@gmail.com
665375,ibraun@gmail.com
724200,costajack@cooley-wells.info
778648,eduardomassey@boyer.net
883616,rayrichard@stone.com
519285,hdouglas@gmail.com
608586,zhicks@yahoo.com
680115,heidi95@williams-robertson.org
627003,ybrooks@hotmail.com
815837,kimberly03@logan.org
557629,jonathan17@phillips.net
723720,wardashley@hotmail.com
734728,jjohnson@hughes-reid.com
868951,tinarobbins@hotmail.com
593514,ztucker@hotmail.com
625882,tammyibarra@yahoo.com
767331,whiteheather@lindsey-navarro.net
504983,yschneider@yahoo.com
639786,ellen28@yahoo.com
837916,grahammatthew@stewart.biz
712699,mcculloughtyler@yahoo.com
577167,colleengarza@yahoo.com
859303,david20@miller-garcia.com
859589,kle@yahoo.com
768480,lloyderic@collins-orr.com
873673,melissa47@foster-simmons.com
816747,pmoore@hotmail.com
565239,ericakrueger@smith-stout.com
512904,petersonkayla@murphy.net
530465,collinsjulie@lucas-raymond.com
538184,oliviagregory@wood.info
518615,david64@burns.com
622510,callen@yahoo.com
580630,mhernandez@yahoo.com
717372,ashleejackson@hotmail.com
692280,briansandoval@yahoo.com
601904,gmolina@yahoo.com
567908,ifernandez@gmail.com
636298,cody02@harris.com
739579,thomasmays@yahoo.com
552364,elizabeth55@hotmail.com
850636,lori22@holt.com
535577,jeanne96@anderson.com
791426,daniellejohnson@dudley.com
869686,kcox@baker-barnett.com
717505,xmartin@wood-wright.info
675037,mark23@horn.com
711737,ortizdanielle@gmail.com
579649,stevenmartinez@wells.com
541865,christine84@parks.com
522197,maxwell20@hotmail.com
559833,cperez@bruce.com
761853,andreaalvarado@martinez-white.org
509309,rwhitehead@gmail.com
505202,jameswhite@craig.com
601104,susanmartinez@glenn.com
804171,whitetyler@gmail.com
750855,yphelps@flores-davenport.info
652746,erinmay@hotmail.com
585206,jason45@hotmail.com
879100,debraberger@gmail.com
702630,marklambert@cooper.com
643436,cynthia05@reilly-quinn.info
545541,danielpowers@walker.com
678564,karen05@yahoo.com
747283,morganjulie@rosales.com
839277,rossjoseph@richard.com
520742,jenniferbrown@johnson.com
544754,mark93@hotmail.com
655032,tuckerlisa@ford.com
702437,gregorymccarthy@gmail.com
861821,elizabethlee@gmail.com
755586,savannah70@foley-peck.net
865630,weisssara@gmail.com
786123,owensanthony@gmail.com
707502,josehood@gmail.com
626371,figueroabrittney@kim.biz
822937,christian73@hotmail.com
866205,michelle81@yahoo.com
741714,wendy82@gmail.com
887264,eric57@turner.biz
589732,nkelly@snyder.net
566862,charles76@peck-wilson.com
564994,fordjames@taylor.com
841760,leahturner@carter.info
746153,codybeasley@williams.com
803793,tracybishop@gmail.com
803925,adriennematthews@garcia.com
516244,wilsonsylvia@perez.com
667750,david40@gray-davis.com
749235,pchavez@bailey-logan.net
543590,megan03@peters-little.com
567264,wilkinsamanda@hotmail.com
798771,amandagreen@chambers-atkins.com
593682,rothdaniel@yahoo.com
681293,klester@stanley.info
764465,williamsbrian@yahoo.com
703534,zjohnson@hotmail.com
718580,stephanie84@gmail.com
679361,hernandezjeffrey@yahoo.com
777728,kathywagner@martinez.org
824742,juliejohnson@hotmail.com
502547,bakerbarry@anderson.biz
826720,cdominguez@gmail.com
732029,ykeller@hotmail.com
750410,xsherman@gmail.com
620037,angelayates@yahoo.com
629625,antonio03@hotmail.com
644647,susan30@green-barajas.net
608231,james33@yahoo.com
840044,kbeasley@gmail.com
755257,logan43@hotmail.com
775963,tiffanyadkins@yahoo.com
735796,mjacobson@hotmail.com
525690,lynn12@hotmail.com
522957,patriciacarrillo@gmail.com
860067,amy51@phillips-wells.com
879765,ronald12@gmail.com
887828,porterjonathan@yahoo.com
722862,tonywilcox@kennedy.com
846565,mark34@hotmail.com
755851,vanessa64@thompson-adams.com
633619,mark71@martin-miller.org
795854,rmiranda@smith-phillips.net
740988,powellmarissa@wright-white.com
759369,scottaguilar@hotmail.com
644139,amber57@hotmail.com
620030,kevinjackson@wilson-camacho.com
722318,smithjeremy@hotmail.com
575039,parksmelody@kennedy.com
630803,bryanrebekah@nichols-huff.info
875222,billwilson@williams.biz
752064,joshuaedwards@yahoo.com
894522,jacksonemily@gmail.com
653214,ymichael@hotmail.com
560981,nharris@gmail.com
891675,lisa79@yahoo.com
838317,kathleenwilkinson@gmail.com
877108,douglas84@joyce.biz
756749,toddmartinez@gmail.com
581205,ohumphrey@hotmail.com
772127,hwallace@landry-moore.org
586479,johnsonjessica@yahoo.com
586763,cynthia80@yahoo.com
610887,braykenneth@wood.com
592765,alewis@gmail.com
589656,combshector@mccann-garcia.com
883274,hayspaul@yahoo.com
626143,wcoleman@gmail.com
692102,jgallagher@beck.com
692509,donnawright@yahoo.com
825088,qcalhoun@olson.com
508738,andersonjoseph@watson.info
526680,lauren82@yahoo.com
859249,shannonbeverly@vazquez.org
762162,dwalker@yahoo.com
729373,marshalljohn@wall.com
707881,patricia28@pugh.com
640575,colemantammy@hotmail.com
785019,barkerrobyn@mann.org
533345,fsingh@camacho.com
591528,williamcarlson@yahoo.com
698506,jenkinsjohn@hotmail.com
825405,christina77@burns-nelson.com
845535,brenda40@taylor-bartlett.com
748797,gcarey@randall-gonzalez.com
712811,anthony85@hotmail.com
528077,michaelhawkins@hotmail.com
835901,williamslisa@gmail.com
707372,jmathis@hotmail.com
646991,ashley16@lewis.com
863062,srojas@gmail.com
728785,paula73@pollard-meyer.org
592557,michaelbrown@gmail.com
801137,sophia85@rodriguez.com
797800,shannongreen@mendez-smith.biz
649113,zoe82@wagner.biz
889371,trevor72@jacobs-harris.com
864559,lthomas@brown.biz
888260,fieldsmeagan@yahoo.com
799947,james82@smith.org
558117,tammy84@hayes-pollard.com
697573,nblake@yahoo.com
608324,daniel41@hotmail.com
676581,dillonsmith@walls.com
876385,leslie98@hotmail.com
772234,jhayes@sandoval-barber.net
612523,kgibson@hotmail.com
724669,fernandezalexander@may.com
624249,iwright@bell-wong.com
631446,uwiggins@yahoo.com
588012,monique91@gmail.com
579223,allenmejia@gmail.com
709261,judy70@james.com
697872,hcastaneda@hughes.com
686471,bradleyvasquez@yahoo.com
700461,anthony19@butler.com
848850,poolesarah@russell-wade.com
559950,blackpatricia@fernandez.com
840889,nelsonrandall@west.org
701130,alexanderjeffrey@hotmail.com
755059,antoniosmith@hotmail.com
701167,keithmills@gmail.com
601267,yevans@munoz-gonzalez.net
816296,elizabeth45@hotmail.com
826086,umiddleton@hotmail.com
606664,zclark@yahoo.com
613967,hayden85@yahoo.com
837199,bradywilliam@little-banks.com
808895,gonzalezjennifer@cunningham.com
629502,isaac73@greer.com
857322,oadams@yahoo.com
611802,elizabethkelly@davis-crane.net
804188,jim50@yahoo.com
700318,joelcontreras@johnson-jones.com
826884,james25@yahoo.com
667257,osmith@yahoo.com
788214,igonzalez@yahoo.com
612402,dakotasimmons@sherman-ellis.com
798051,olivia32@gmail.com
840258,zthomas@powell.biz
539133,karen05@yahoo.com
829144,melaniewarner@gmail.com
589787,james31@wilcox-ibarra.com
600548,fbarnett@yahoo.com
581570,john51@hotmail.com
849390,robert69@adams.org
640972,paulcharles@higgins.com
713588,ipierce@gmail.com
818084,daniel54@bailey-reeves.net
755309,fcontreras@kennedy.com
774042,martha74@hotmail.com
543399,guzmancharles@hotmail.com
764791,jessicapatrick@gmail.com
771316,colliernathan@murphy.com
849171,lgallagher@delgado.com
791114,briana03@yahoo.com
542955,whodge@hotmail.com
824347,brownstephen@davis-peck.com
675299,michaelchapman@estrada.org
531465,angelasellers@gmail.com
677682,robinfisher@mitchell.com
648967,rachel20@parks-mccoy.net
697651,frederick87@hotmail.com
713486,griffinmichael@long.info
676615,nancy53@jones-day.net
891940,perezjulia@yahoo.com
894893,henrykatie@yahoo.com
710595,millertimothy@ortega.biz
537031,ipatrick@richardson.com
744703,kaitlinduke@hotmail.com
867067,thomas32@evans-trujillo.org
856792,matthew14@taylor-ayers.com
656998,harveytanner@wall.com
697281,fherrera@yahoo.com
722547,brenda88@taylor.com
646101,harrisdaniel@dean.biz
700185,tmoran@hotmail.com
657132,garybarr@kerr.com
506659,kbrown@payne-navarro.com
739819,amanda18@ortega-patrick.com
642016,hmccarthy@hotmail.com
791176,christina46@ruiz-evans.info
704421,nancy69@shannon-singh.net
731338,dduffy@ramirez.com
571649,kpowell@yahoo.com
788475,cdixon@lewis-burton.com
874564,margaret86@banks.com
691086,jose48@bender-perkins.com
880345,bwhite@wilson.org
738880,waltonkevin@hotmail.com
792086,amandathompson@manning.com
617014,wwest@brown-nguyen.com
681581,julialee@yahoo.com
672783,smithdiana@baker.net
690182,ronaldbaker@page.com
752420,rollinslaura@jones.org
611345,shawndavis@flynn.com
520989,sandraprice@ramirez.com
504449,richard30@gmail.com
725562,davischristine@harris.info
526023,btaylor@davis.com
871792,michael82@adams.com
613393,qpadilla@hotmail.com
637485,pamelamcclure@bartlett-fernandez.org
513856,erica23@hotmail.com
792153,sdavis@hotmail.com
739654,jennifer27@huber-dixon.com
615974,daniel06@gmail.com
741695,david62@summers-fowler.info
631740,arnoldadriana@yahoo.com
734052,mitchelldarryl@hotmail.com
621139,crichard@hotmail.com
624999,vmiller@yahoo.com
698685,kimberlylarson@yahoo.com
666363,esimmons@yahoo.com
519082,stephen52@yahoo.com
763944,danielwood@hines.info
703077,rmack@bond.org
774769,virginiapierce@daugherty.com
651833,kriley@yahoo.com
575314,paulfinley@brown-lewis.com
521996,allisoncarter@sellers.org
877368,emitchell@gmail.com
585956,amanda57@miller.org
504890,parkerandrew@bell.com
629115,david57@richard-schwartz.com
737271,elizabeth55@gmail.com
762678,hgarcia@hotmail.com
837036,anthony02@knight-hunt.com
887689,serranochristy@brown-wagner.net
722050,brianna09@hotmail.com
647790,gjohnson@sullivan.com
808454,jameswilson@gmail.com
534850,samantha61@hotmail.com
600874,austinbenjamin@guerrero.com
680231,maxwelljason@yahoo.com
798415,fischerthomas@murray.com
601050,qrussell@williams-bradley.com
567773,yvette75@estrada.net
524465,torrespatricia@yahoo.com
843821,thompsonjessica@romero.com
820092,esmith@johnson.com
877028,juliablair@hotmail.com
584362,jacquelinebarnett@hotmail.com
666948,shannon25@marshall.com
524541,nbarry@romero.com
850686,heidigreen@bell.net
669159,maureen64@shields-chase.com
796265,jeffreymurphy@bray.biz
807179,ramseychristopher@yahoo.com
722021,christianshaw@gmail.com
724039,padams@moore.com
676190,kjones@yahoo.com
543454,mcleanronnie@yahoo.com
729966,andrewmartin@clark.com
528804,gutierrezanthony@haynes.com
576337,danielgonzalez@yahoo.com
812150,hestermichael@delgado.com
636420,clewis@roberson.com
519595,joebarton@yahoo.com
824811,burkekatherine@nelson.com
891730,thomas53@cox.org
591455,ysmith@hopkins-smith.com
842947,michael80@strong-white.com
824966,rebeccashepard@yahoo.com
879191,krystal88@yahoo.com
582052,william13@butler.com
823910,jameschen@fitzgerald.com
878264,christina21@yahoo.com
542267,hunter07@gmail.com
695869,flynnemily@blair.com
553786,erinhoffman@miller.com
709924,tfranklin@gmail.com
516590,william16@hotmail.com
524424,kevingriffin@yahoo.com
673885,madelinestephens@sandoval.com
535785,butlerbrandon@gomez-ellis.org
655908,samanthapowers@johnson.info
774150,norrislaura@parker-thomas.com
704556,torresjasmine@yahoo.com
548860,david39@hotmail.com
875001,patricianelson@nelson.com
537204,williamserica@gmail.com
646978,ronald84@gmail.com
676315,dvincent@hart-lawson.com
822715,johnny48@wilson.org
597816,yramirez@lindsey.info
778435,coryarnold@gmail.com
799285,nhill@lucas-williams.info
860214,wnorris@decker-zuniga.info
586334,josephharrington@soto.com
782658,rodriguezmichael@gallagher-jennings.com
531645,whiteemily@yahoo.com
855447,scottjamie@smith.com
646448,dturner@yahoo.com
605230,fhenderson@stevens.com
764677,hardysteven@best.com
557915,sonyarodriguez@smith.com
857207,torresjonathan@stevenson.info
560830,wendy37@gmail.com
790756,smithalexander@gmail.com
818428,danielle16@gmail.com
605789,shannon34@yahoo.com
672115,brendahendricks@mcdonald.info
565072,ucastaneda@weaver-shelton.com
554955,james08@leblanc-dean.net
549314,mooreterri@gmail.com
590143,nicolegalloway@cordova.com
661228,katherine23@thomas.com
871749,masonjoshua@lopez.com
745473,nelsonkelly@hotmail.com
891238,randall66@hotmail.com
672182,whitakerjanet@cooper.org
662832,blackwellelizabeth@hotmail.com
861514,whanson@hunter-navarro.com
503956,simonashley@yahoo.com
625312,chavezbrittany@massey-clark.com
706953,rhall@hotmail.com
762213,erikschwartz@yahoo.com
520255,owhite@matthews.com
515758,buckleymichael@hotmail.com
826381,andrewparker@yahoo.com
598120,wigginskelsey@garcia-schmitt.com
756995,srobbins@gmail.com
572888,princekatie@hotmail.com
861952,emoore@willis.com
680358,hoaaron@garcia.com
555319,crossashley@gmail.com
672244,jamesstanley@yahoo.com
675138,vtravis@yahoo.com
609429,thomas79@hotmail.com
757415,manuelallen@hotmail.com
702392,faustin@yahoo.com
684576,calvin91@bowers-wall.com
675383,david32@gmail.com
885884,millerscott@peters-hill.org
530392,hicksjohn@yahoo.com
782720,munozmichele@oneill.com
815117,rebeccanguyen@moore-koch.com
745888,amy49@yahoo.com
716581,kelseybennett@yahoo.com
565165,paulcole@tucker.com
722450,blackjacob@grant.com
718184,sneal@yahoo.com
726699,charles35@herman-phillips.biz
760034,volson@hotmail.com
614664,perrydavis@tapia.com
711207,sanderssusan@patel.com
737468,ufranklin@turner-lopez.biz
685665,austin13@hall.com
557989,xmartin@yahoo.com
788135,mmurray@bryant.com
556135,herreranicole@gmail.com
756643,powellshirley@hartman-adams.org
768916,vickicollins@garcia.com
628571,alexandriasweeney@hotmail.com
787542,christopherfoster@lawson.org
638793,megan03@hotmail.com
789328,dorothylopez@gmail.com
723484,spowell@taylor.info
806537,ewalker@gmail.com
645274,moodysarah@oliver-clements.com
608955,enguyen@garcia.com
680693,frederickkimberly@gmail.com
500165,jenniferadkins@gmail.com
517414,amandahenry@yahoo.com
614111,arellanotammy@bailey.com
540801,kimberlyanderson@gmail.com
885511,zgallegos@gonzalez-todd.com
545483,kristi71@blackwell-baker.info
772053,fordbryan@ramirez.net
726534,woodardchristopher@hill.com
858737,karl00@yahoo.com
799175,lydiapeterson@gmail.com
504918,cjohnson@martinez.net
675574,mcleansusan@chung-benson.info
511546,davidmoore@jones-alvarez.com
508018,rwoods@gmail.com
806559,anna29@gmail.com
702965,maria43@pollard-allen.com
592712,kennedydaniel@yahoo.com
871486,lmiller@cain.com
759010,luis00@gmail.com
716372,stephaniereed@gmail.com
630094,kimberly62@myers.com
691007,asanchez@gmail.com
795633,sandra46@baldwin.org
713426,douglaskayla@martinez-hensley.com
801533,maria91@edwards.com
866652,odean@young-moon.org
737744,parkermeghan@yahoo.com
654984,vswanson@sullivan.com
698879,qhill@le-roberson.com
592678,wandaking@faulkner-carlson.net
709605,robertbowen@schmidt-castillo.com
504208,justincarter@gmail.com
773899,wardlisa@gmail.com
510270,ssmith@yahoo.com
716074,alucas@yahoo.com
501887,john80@gmail.com
516659,qlyons@yahoo.com
895768,rflores@gmail.com
738155,angel38@gmail.com
705875,woodjoshua@gmail.com
700259,dawnwhite@lee.com
593793,jonathanholt@kerr.com
800445,fgordon@brown-perez.com
659095,cannondanielle@collins-morris.biz
679606,smithamanda@hanson.net
602124,gardnerkevin@odom.com
746863,thomasholland@guerrero-lee.info
801226,robertellis@yahoo.com
682680,griffinnicholas@russell-olson.com
522750,john95@patton.com
636719,derek43@gmail.com
636070,dennis45@hotmail.com
547537,dustin86@spears.org
700852,ijohnson@solomon.com
720215,tlamb@garcia-williams.com
686121,gabrielle09@ali.com
879951,david59@baker.net
624454,monica97@yahoo.com
654785,gregory50@reyes-mcconnell.com
586184,wanda57@gmail.com
805475,randy10@yahoo.com
513325,trevor24@long.com
690662,amy69@gmail.com
883459,ofrazier@hotmail.com
697406,jeremiah54@yahoo.com
711396,spearsdavid@gonzales.net
842108,jsolis@rogers.com
670886,ithompson@hotmail.com
778349,daniel85@yahoo.com
562482,taylormonique@gmail.com
747833,kayla37@hotmail.com
617241,calebmorgan@pearson.net
748130,jasonbates@gmail.com
718925,riveradouglas@gmail.com
532745,perryjoseph@mccoy.org
668268,williamsmith@yahoo.com
848614,kristin42@bautista.com
856324,dtaylor@blankenship.org
814005,jhunter@hotmail.com
714838,bbenson@miller-hall.com
841889,jhunt@carpenter-williams.info
773332,aschwartz@robinson.com
706761,wchambers@hotmail.com
833879,lance80@obrien.info
678690,jeffreycarson@hotmail.com
743131,robertharmon@yahoo.com
678150,william42@anderson-west.biz
504419,michael06@johnson.com
570381,bellbrittany@gibson.org
786102,joshuaschwartz@kerr.com
836533,michael53@cunningham.com
822013,michaelmartin@gmail.com
840605,danieljacobs@stevens.com
817725,adamle@taylor-beasley.com
657201,vramirez@martin-cruz.com
505686,stevensonrebekah@yahoo.com
605196,richardcoleman@yahoo.com
853248,shawn77@gmail.com
736197,nelsongilbert@andrade.com
552305,sarah02@nelson-cunningham.org
694447,dannystewart@payne.biz
882442,balexander@hotmail.com
619636,thomas28@yahoo.com
586416,patrick09@fuentes.biz
776210,elizabeth40@evans.com
507545,marissacox@gomez.com
611849,katrinaclayton@mckee.org
624530,yday@cooper.net
728297,williamwade@yahoo.com
693898,johnsonnicole@gmail.com
818270,sierra13@johnson.net
561462,fspears@williams.biz
820470,martinezshawn@hotmail.com
612922,paul47@gmail.com
594064,robertwebster@hooper.info
651485,simpsonlindsey@lutz.com
808303,felicia74@williams-richards.com
845031,wardtara@gmail.com
812429,brendachavez@yahoo.com
651102,bullockdylan@hotmail.com
873882,kennethdavis@yahoo.com
753845,michael12@gmail.com
571838,sharon84@gmail.com
676205,paul77@gmail.com
825860,deannawright@gonzalez.info
887596,williamswanda@coleman.com
738080,bendergregory@gmail.com
852922,heather41@gillespie.net
795164,uhowe@reid.com
789523,christopher92@gomez.net
581670,ylee@hall.biz
618087,reevesshawn@sanchez-anderson.com
807412,fgarcia@anderson.com
623023,walterhernandez@gmail.com
760754,marshrandy@morgan-bennett.org
707158,tatekelsey@willis.com
716635,michaelharrell@yahoo.com
758064,scottrebecca@yahoo.com
656865,kevin55@young.com
636173,alexandranelson@adams.biz
711963,qlogan@gmail.com
764624,edwardsmall@wyatt.com
571308,jenniferrios@marquez.com
762446,hernandezmatthew@lambert.biz
782549,christophermccarthy@hotmail.com
877839,gsnyder@gmail.com
803510,wilcoxralph@hotmail.com
608130,morganangela@jones.com
867139,myersclinton@hotmail.com
776352,david95@yahoo.com
794067,ffitzpatrick@brown.com
696807,ylee@yahoo.com
508490,edavis@hughes-wells.com
803319,ycraig@jackson.info
506968,melendezjake@hotmail.com
801388,herrerakiara@herman.com
788870,dray@collins.com
615858,kathy77@parker.com
588214,santiagoandrea@yahoo.com
519423,christian59@yahoo.com
668097,pamelavelasquez@hotmail.com
550268,nataliehess@moon-johnson.biz
528874,ynichols@knight.com
544440,browndonna@hotmail.com
546372,kpitts@wilson.com
663592,perezanthony@hotmail.com
523297,benjaminschmidt@yahoo.com
769603,courtneygonzalez@weber.info
801489,trujillochristian@yahoo.com
816317,curtisstevenson@porter.com
681520,traviswarren@hebert-franklin.com
848257,lamblee@robbins.net
713467,frankrenee@nguyen.org
649653,jamiewise@murphy.com
719332,ebrown@yahoo.com
748257,dustinobrien@hotmail.com
702291,angela46@rhodes-king.info
860967,wyattmichael@fox.com
663213,glovergregory@yahoo.com
511714,mark44@gmail.com
588888,travis80@smith-carroll.com
548426,fmclean@gmail.com
636951,obrienjay@hall.com
836900,alexanderfitzpatrick@archer.biz
815026,banderson@chung.com
501380,martinezkevin@lutz.com
576549,eyang@hotmail.com
806319,lopezrichard@yahoo.com
826672,cummingsbrandi@gmail.com
875716,jeremy34@deleon-moss.net
835736,daniel53@hotmail.com
602531,rjohnson@yahoo.com
557019,qmalone@gmail.com
544964,dawn89@bishop.com
604028,jeremy04@jennings.com
545336,ryanwheeler@hotmail.com
705439,billysmith@gonzalez-stephenson.info
592481,pnelson@grant.net
818553,kevinmcintosh@hotmail.com
841230,muellermichael@yahoo.com
582179,mcdowelllaura@ramirez-flynn.com
549251,benjaminjenkins@yahoo.com
556618,coreymiller@gmail.com
579545,warrenamanda@yahoo.com
694776,christinawebster@gmail.com
740742,ramirezannette@yahoo.com
563734,denise40@smith.net
765989,jacob37@lynch-rodriguez.org
897180,denisebrowning@gmail.com
750737,terrancemiles@hotmail.com
518794,jessicawalls@hotmail.com
581455,stevengarcia@yahoo.com
627174,oliviamorse@martinez.com
682571,andersonnicholas@thomas.com
839654,vargassharon@murray-hoffman.net
871870,randalldecker@morton.com
643697,sarah05@cherry.com
829425,keithjared@yahoo.com
615436,rduncan@jordan.biz
729291,jacob64@garcia-brock.com
821103,drew36@hart-zamora.org
502962,wsullivan@cox.com
743772,michael00@hotmail.com
559325,whawkins@gmail.com
665095,peter98@green.com
676346,briggsjennifer@reed.info
508446,jorgecraig@clark.com
541071,wlopez@hotmail.com
612069,schwartzjames@hebert.org
777254,debrawalker@kelly-green.com
649000,jgonzalez@gmail.com
551783,panderson@ryan-nielsen.net
791056,johnwashington@lang-swanson.org
797998,rivasapril@yahoo.com
810446,anna09@washington-donaldson.info
810058,allison35@yahoo.com
550795,roseshelby@hotmail.com
652432,sarah09@nash.com
845755,derek30@gutierrez.com
705021,lbarnes@craig.com
842208,caitlinbean@ward.com
506531,matthewfoley@delacruz-hanson.org
832514,michael98@yahoo.com
555528,joannemoran@gmail.com
791841,mdudley@gmail.com
753778,monicajenkins@ortiz.org
549800,martiningram@gmail.com
891956,laura84@gmail.com
514865,shelby34@contreras-martin.com
590622,vanessanash@hotmail.com
555422,lawsonveronica@robinson.com
568933,olivia24@gmail.com
639962,macdonaldphillip@hotmail.com
818269,fordkelli@hotmail.com
716525,jameswelch@miller.net
869266,virginiaparker@clark.com
587000,carlsonjacob@yahoo.com
651574,darlene51@gmail.com
574536,kelsey15@gmail.com
824070,suarezderek@gmail.com
759531,ktorres@hotmail.com
549897,rodney94@gibson-brooks.biz
659252,charleschen@miller.com
557387,cooperlatoya@smith-barnes.com
781022,rosseric@yahoo.com
846245,jennifer80@ford.com
805817,robersonmark@hotmail.com
674935,qguzman@harris.biz
584494,rcoleman@berry-camacho.com
897685,nvaughan@bradley.biz
726690,reyesanthony@gmail.com
799438,jbrown@scott-martin.org
752856,jorge25@bailey.org
761635,ckelley@smith-kent.com
692343,mcdowellbrenda@nguyen.com
622026,rwolf@wilkerson.com
673332,nealvickie@shannon.org
856949,angelaramos@gmail.com
652341,joannamata@gmail.com
669573,brownandrew@steele.org
886190,sanchezmichael@morrison.com
726120,jneal@yahoo.com
669115,iduarte@petersen.net
641041,josephrowland@gmail.com
626071,jennifer96@hotmail.com
743617,brandonhill@hunter.org
575082,michael52@howell.com
773261,laurenevans@hotmail.com
720145,williamsdarryl@gmail.com
537027,umanning@gmail.com
516573,mortonmary@scott.net
731720,mark18@gmail.com
747629,ramirezrobin@hotmail.com
544853,josephhaley@gmail.com
589184,mark29@gmail.com
537285,allison89@wilson-guzman.com
728856,paul16@hill.biz
575991,phoffman@chapman.com
696499,james41@burton.com
589932,cooperandrea@jensen.info
765979,ismith@davis.org
592327,erin30@hotmail.com
886798,welchmadison@jenkins.com
539595,randolphtimothy@flynn.net
725253,jason18@benitez.com
594391,bradleylee@hayes.com
695784,lisastanley@yahoo.com
556849,whitedarlene@vaughan.org
781905,rachel43@robinson.com
551717,vtucker@yahoo.com
799664,morganwilliam@yahoo.com
724904,harrisallison@gmail.com
722184,pmorris@yahoo.com
625827,nyork@stephenson.com
689852,uking@hotmail.com
649138,rivaspatrick@gmail.com
703284,michelle35@thomas.com
644760,scotttaylor@sanders.net
804187,gcarter@yahoo.com
642784,iellis@hotmail.com
838232,wclark@gmail.com
683522,baileybrooks@hotmail.com
841335,davidwoodard@yahoo.com
769926,cobbhannah@gmail.com
712017,jamestaylor@gmail.com
871942,anthonyford@gmail.com
696771,aguilarkelly@yahoo.com
713901,joneschristie@gmail.com
806392,mroberts@gmail.com
876253,jessicaarias@alvarez.biz
897258,tiffanyconway@santiago-ingram.org
785928,lbaird@jones-robinson.org
829570,williamsstephen@hotmail.com
663729,cantrellcory@smith-barajas.com
890787,mosessamantha@yahoo.com
758975,robert88@yahoo.com
688606,gford@rivers.com
726841,karenyork@yahoo.com
843558,chelsea19@dennis-stanley.biz
881036,fbennett@solis.com
593348,richardbarrett@hodge.com
651621,jill02@gmail.com
745096,balllori@hotmail.com
561863,kevin48@blackwell.com
840491,larry47@gmail.com
881424,larsonalexis@anderson-hansen.biz
591540,tfoster@yahoo.com
541786,dickersonjulie@marshall-hunter.com
557276,annasmith@barrett-miller.com
848880,scott83@gmail.com
651999,jreid@yahoo.com
689291,kevin12@ortiz.net
600606,crystal26@gmail.com
806986,johnsonbailey@davis.com
739733,michelle60@martinez.com
739057,bmiller@walsh-mathis.info
792511,qhill@yahoo.com
789720,wilsonjessica@dudley.biz
895034,calebhernandez@hotmail.com
588667,thompsonrodney@hotmail.com
895040,fitzgeraldalicia@moore.com
686903,bowersscott@snyder.com
688076,amy70@jackson.info
500123,garnerbethany@shepherd.net
609537,tammy09@yahoo.com
540718,carolynbarnett@allen.com
881943,wjohnson@welch-sharp.info
543520,lpollard@yahoo.com
705406,samuelbullock@hotmail.com
720523,samantha01@davis-wilson.com
588065,stokesdon@hotmail.com
663212,bowenkim@anthony.com
587615,angela73@yahoo.com
738581,jamiewinters@sheppard.com
597792,selenatownsend@gmail.com
890167,pgarcia@schneider.org
531919,qwang@williams.com
746872,lisa96@hayes.com
715826,alexandraallen@hotmail.com
562762,moralestyler@cook-hubbard.com
674882,strujillo@gmail.com
696050,wmccarthy@gmail.com
649734,lwilson@webster-spencer.biz
558752,hunterdaniel@hotmail.com
612476,faithmatthews@nguyen.net
663442,christopherhenson@yahoo.com
826287,gjacobs@gmail.com
832905,qfields@peters.biz
747977,tyler75@gmail.com
565235,sandra96@yahoo.com
763151,ucunningham@gmail.com
872218,garymendoza@daniel.com
830978,dawnritter@torres-lopez.biz
715838,tylerreid@allen-smith.com
580530,deborahchapman@yahoo.com
515177,bradley18@meyer-brown.com
675427,cyoung@bolton-atkins.org
579815,wtaylor@walls-riley.com
875547,oneillvincent@martinez.org
519945,jennifer46@yahoo.com
866590,brian39@conner-washington.com
807307,harellano@alvarado-hogan.com
724846,christinadixon@arias.org
781561,zcook@stevenson.com
834668,elizabethschmitt@hotmail.com
886714,zwilson@cowan-miller.biz
749378,ronald50@duncan-barnes.org
659152,mmeza@yahoo.com
673418,patrickgomez@hotmail.com
515357,katherine80@rasmussen.org
702521,webbpamela@duke.info
783444,philipsmith@yahoo.com
521662,timothy29@nguyen.info
892495,jenny11@hotmail.com
645741,kaylacarter@gmail.com
836445,pmays@hotmail.com
627673,greentamara@rocha.com
737528,gallegoskaren@yahoo.com
523662,christophertrujillo@phelps.com
740032,clarkheather@ramirez.com
859557,jeffreydawson@hotmail.com
856051,bsavage@bell.com
570212,dayallison@hernandez-jones.info
745962,debbieross@soto.info
646088,vincentanderson@woodward-burns.biz
759706,gnelson@orozco.com
750759,morrowchristy@gmail.com
553902,reyeslaura@white.com
582108,jstevens@yahoo.com
619997,dana39@yahoo.com
816573,angela84@perez.com
875295,boyercindy@hotmail.com
569873,millerjoel@cross-finley.biz
656343,xlewis@irwin.com
652368,xwalter@yahoo.com
703369,keithjensen@gmail.com
807827,christopherwhitaker@bennett-martinez.com
662595,romeromakayla@gmail.com
592733,christinewilliams@yahoo.com
747560,njenkins@gmail.com
729670,villanuevaamanda@bernard-smith.com
663912,candacestrickland@roberts.com
745018,marissabarnes@yahoo.com
661380,othompson@gmail.com
587947,ufischer@gmail.com
780859,amywhitaker@hotmail.com
630745,mcox@gmail.com
894642,phelpsjames@gmail.com
726532,vgrimes@yahoo.com
580893,umoss@ford.com
867605,davidreed@gmail.com
865956,josephjohnson@garcia-taylor.com
846607,umendez@hotmail.com
804343,rachael69@wright-rivera.net
598581,malonekathy@johnson.com
708809,josephhogan@padilla.org
695745,linda04@gmail.com
755608,michael83@white.com
625932,adrian01@frazier.com
888300,whitney44@yahoo.com
883311,nancy52@anderson.com
676671,jonathancruz@harper.com
895088,summer44@yahoo.com
588455,julia34@smith-cox.info
584124,martinezgregory@adams.com
793534,nrangel@rush.com
518638,tuckerlisa@hotmail.com
702859,donaldgonzales@yahoo.com
560887,miguel62@duran.info
704342,andrew01@jones.com
645669,hjoseph@wilson.com
583254,wheelercurtis@baker.com
753355,daisyhamilton@gmail.com
702906,nathaniel33@gmail.com
674799,michael26@armstrong.com
816344,amanda86@bullock-ross.org
655842,steven60@tucker.biz
838846,johnlucero@huang.com
630306,greenederrick@gmail.com
782680,carmen72@mcbride-spencer.com
825598,patricia56@adams-morrow.com
723595,christianjones@hotmail.com
641303,jamesbauer@calderon.com
617620,sawyerluis@duncan.com
865290,kaylagarrett@case-dominguez.com
670718,cooklisa@harper.biz
545347,kelly96@gmail.com
508095,walshmelissa@rice-lawson.com
832300,john38@hotmail.com
539011,cortezpatricia@hotmail.com
653464,gregorymary@hardy.com
890822,morajoanna@gmail.com
797626,alexis99@gmail.com
864025,darryl63@gmail.com
693967,joydominguez@gomez.com
644828,dunlapcassandra@crawford.com
644062,brian82@gmail.com
737575,bishopluis@gmail.com
772744,luke35@hubbard.com
887548,amber04@gmail.com
832657,monicakeller@hotmail.com
742892,fmiller@scott.com
855305,melvinwilliams@hotmail.com
849323,christinarobinson@hotmail.com
837187,zpalmer@hotmail.com
576839,sheilabarnett@yahoo.com
651858,milleremily@yahoo.com
763414,bellscott@garrett.com
535340,andrewclark@yahoo.com
618529,wmoore@bradshaw.com
513771,cathyvalencia@gmail.com
756266,richardjones@hotmail.com
742583,yweaver@henderson.info
670386,brandyvelez@carlson.com
816637,robert58@campbell.com
854323,wray@yahoo.com
590268,udavidson@morgan.com
864007,nreed@zuniga.com
767689,vanderson@yahoo.com
694304,peckrebecca@hotmail.com
803029,fosterruben@hotmail.com
502581,johnmartin@fitzgerald.com
735833,knightmatthew@yahoo.com
802040,yjones@gmail.com
509855,figueroalisa@patel-kelly.com
576907,smithluis@chavez.net
557635,barronjuan@yahoo.com
844187,daniel53@ramirez.com
674467,christopherpage@thomas.biz
616969,jonathan72@roberts.org
621702,eugene88@yahoo.com
776544,bishopelizabeth@gmail.com
547818,ffranklin@hotmail.com
825495,colewilliam@perez.com
576868,krystal41@hotmail.com
681540,imiller@yahoo.com
841745,annahamilton@bowman.com
676967,pfernandez@snyder.com
507544,harrisrobert@gmail.com
741503,kellie89@chandler-williams.com
715469,gary14@hotmail.com
566315,darlenefitzpatrick@webster-campbell.com
666525,aedwards@hotmail.com
694642,sharonbrown@watts.com
710241,xmarquez@blanchard.org
889502,adamsdanielle@yahoo.com
532309,christine24@yahoo.com
622082,johnnysandoval@gmail.com
781364,umann@hotmail.com
803882,cunninghambrandon@hotmail.com
628926,welchjacqueline@yahoo.com
786103,william23@hotmail.com
646644,carl36@yahoo.com
682797,mgonzalez@hotmail.com
890680,samueldecker@robinson-sullivan.com
571380,alyssameza@howell.net
641755,kristen79@atkinson.net
740260,tkelley@yahoo.com
572656,estanley@gutierrez.com
676207,amy73@howard.org
698238,leahwhite@mullen.biz
826594,meganbrown@fletcher.org
504502,cstokes@hotmail.com
605452,stephanie77@gmail.com
866083,pwilson@yahoo.com
500093,deleoncarol@yahoo.com
548636,wrobinson@gmail.com
817870,kelly93@hotmail.com
770261,walkerjennifer@smith.org
788585,douglas66@hotmail.com
575048,nicholasstone@chambers-foster.com
704445,nelsontonya@daugherty.biz
721677,bmiller@bell-green.com
624955,lindasmith@yahoo.com
845541,schultzcynthia@foster.biz
855880,katherinemorris@howe-thompson.biz
771702,iknight@hotmail.com
556282,stacygonzalez@anderson.com
842393,richardsmith@yahoo.com
653050,ochoamichael@hotmail.com
659044,henrytyler@chavez.com
710120,pfischer@miller-fuller.com
605409,salazarlindsay@sanchez.net
869566,blairlynn@ortiz.info
544486,lbishop@bennett-zuniga.org
791748,joseph95@gmail.com
660424,westkristen@jackson-smith.com
732551,amanda60@bray.com
681596,sydney48@anderson.com
871206,christopher39@montgomery.net
598070,katherine13@wright-richards.com
545997,afigueroa@hotmail.com
622966,taylorjensen@gmail.com
698216,kinganthony@morton-page.com
505835,shannonwong@lewis.biz
514114,cheryl87@yahoo.com
588918,christinebecker@potter.org
812857,jennifer35@gregory.net
856115,woodtrevor@stokes.org
686450,josewilliams@velez.com
679706,taylor96@mathews-johnson.com
635145,ajones@hotmail.com
740769,whitney24@hotmail.com
791628,davidsnyder@gmail.com
670930,zrichards@mcdonald-brennan.com
692539,vstone@yahoo.com
865171,erinwallace@gmail.com
651864,angelahawkins@yahoo.com
747123,ronald92@yahoo.com
766463,lisa73@gmail.com
864108,damonmoore@yahoo.com
588232,omarshall@perez-jones.org
805401,evansmichael@haynes-carr.org
646315,fletcheremma@graham-crawford.org
683185,ambersalinas@sims.com
612576,rhill@yahoo.com
615136,tracy45@washington.com
873254,sean64@joyce.com
509500,isaacarellano@gmail.com
860890,eeverett@guzman.com
801677,tpearson@acevedo.com
676862,sarah28@hotmail.com
610175,davidwilliams@williams-solis.info
605923,jmartinez@holland.com
748979,danielallen@hotmail.com
659205,hurstdana@white-harris.com
557488,housekimberly@smith-nixon.com
559678,millerryan@hotmail.com
650340,jacqueline91@mcbride.org
743671,jesseramirez@levine.com
558021,james82@vaughn.org
842174,randolphjoshua@rose-hobbs.org
811793,cooklaura@yahoo.com
718482,umorse@yahoo.com
649526,bscott@yahoo.com
559797,tamarabright@singleton.com
624350,dnguyen@gmail.com
592622,tanner30@hotmail.com
815522,rowevictor@price.net
763226,jeffersonwilliam@johnson.com
840481,rhowe@hotmail.com
611435,brewerkelly@hotmail.com
839861,marcknight@conrad.com
521391,rodriguezstephen@allen.net
567237,berryjessica@hotmail.com
841228,angelicabrown@hotmail.com
814945,castanedachristopher@brown.net
716514,morenolance@gmail.com
795508,vramos@gmail.com
725280,daniellane@hotmail.com
611485,timothyhood@willis-young.com
705678,fsnyder@gmail.com
609207,csosa@potts.org
587757,deantorres@huerta.com
797389,breanna17@gmail.com
733307,xstewart@gmail.com
868521,ambermacias@hotmail.com
639152,cgray@gregory-ashley.com
676217,fshaffer@yahoo.com
850972,rodriguezjasmine@yahoo.com
602306,xmontes@newton-williams.com
570023,rebecca66@hotmail.com
756598,kwerner@james.com
734496,mgarrison@yahoo.com
506326,mark66@hotmail.com
609134,jamesmorrison@yahoo.com
655030,rjensen@yahoo.com
817386,kharvey@peterson.net
747180,ncoleman@bond.com
559340,wuricky@hotmail.com
554198,amanda07@adams.org
795314,olsonchristina@yahoo.com
781865,christianelliott@gmail.com
834511,howardjackson@hotmail.com
819904,ogreen@gmail.com
573366,sheila53@kelly.org
824833,steven29@yahoo.com
652946,qyates@gmail.com
845593,caroldeleon@hotmail.com
733396,stephaniesantos@pruitt.org
556138,racheldavis@jackson.com
567268,beasleyjessica@hotmail.com
889413,brian32@martin-bennett.com
654600,danielclay@gmail.com
703810,david99@sanchez-lopez.com
886817,coreycooper@tanner-norris.org
696076,kayla99@hotmail.com
590650,hawkinsdylan@gmail.com
620032,jeffrey45@yahoo.com
603091,steven37@yahoo.com
668341,spencemegan@hotmail.com
785189,frice@flowers-stewart.info
549276,mendozasteven@bright-perez.info
816892,katherineflores@gmail.com
635695,xnguyen@hahn.com
792169,butlercarrie@yahoo.com
598769,lori69@davis-yu.biz
571201,zgalvan@yahoo.com
657210,cameron52@curtis-jones.com
617730,mclaughlindylan@rodriguez.com
708889,jonesjessica@jackson.net
632564,christophersmith@yahoo.com
678245,marcussanchez@velasquez.com
754438,andrew33@gmail.com
536592,susan97@porter-howard.org
501923,dawn06@adams-douglas.info
503901,gregory28@hotmail.com
616309,jonathan34@yahoo.com
716167,gregorycole@yahoo.com
732891,riveraaaron@taylor.org
707833,kyoung@yahoo.com
838443,knoxmaria@blair.org
835312,swilliams@smith.com
626197,cwalker@yahoo.com
539867,jamesbradley@aguirre.com
586540,jay84@davidson.biz
894438,wdelacruz@gmail.com
626120,schroederpatricia@gmail.com
572678,yjohnson@huffman.com
818245,kristenrandolph@gibson-wise.com
847071,montesdon@horton.com
752977,lopezcarla@valdez.com
824129,kimberlyfrey@lynch.com
663208,kennethwilliams@clark.com
635895,wendychen@carter.info
849034,millerkristine@hotmail.com
537744,jdawson@martin-white.com
751977,dominguezjoseph@martinez.net
754545,michael53@burke.com
690469,johndavidson@hotmail.com
718399,marie29@jones-hudson.com
510986,xgaines@yahoo.com
729238,daniel46@kim.biz
843235,danielfrost@yahoo.com
630736,ariel30@ray-curry.org
788715,mandyking@hotmail.com
817336,tarahoover@yahoo.com
527551,april97@yahoo.com
604704,qdavenport@hotmail.com
599235,mooreralph@serrano.com
707020,sullivanfrank@nichols.com
557397,keith89@gmail.com
661341,dustinrichardson@gmail.com
622301,alewis@johnson-hopkins.com
694832,larryrhodes@cook-rivas.com
632755,victorjarvis@hotmail.com
812568,derek12@yahoo.com
590830,tyler57@trevino.biz
897109,ryan68@villanueva.net
743433,megan07@flores.com
508251,smithjames@brown.com
565037,ana59@hotmail.com
531882,franceslee@hotmail.com
858656,prattpatricia@blevins.com
854293,mary76@hogan.org
591694,robert18@walton.biz
728515,michaelsalazar@hotmail.com
743437,milleralyssa@harrell.org
796041,michael52@gmail.com
838448,kellerethan@gmail.com
841283,nancydiaz@hotmail.com
810478,dorismartinez@hotmail.com
730416,williamsgreg@haley.com
541125,roberto72@gmail.com
719418,jjohnson@hotmail.com
517015,rioselizabeth@hotmail.com
820262,higginsjeffrey@patrick.com
559370,laneandrew@hotmail.com
737509,chamberstodd@hotmail.com
573383,cassidyellis@yahoo.com
610327,ophillips@gonzalez.com
812768,kristin28@gmail.com
675360,fkrause@rich.com
677368,april35@robbins-lewis.biz
629053,karenbarrett@hood-sheppard.biz
829400,floydanita@yahoo.com
607705,fgilbert@yahoo.com
627987,brenda13@hotmail.com
601583,kelseymitchell@moody-bond.com
762141,smithkatherine@lee.com
810642,qpark@gmail.com
830643,bakerjudith@howe.com
586100,berryjohn@ware.org
684100,samuelevans@gmail.com
826875,jamesjones@gmail.com
832327,tiffanymorales@burgess-mckenzie.info
779635,thompsonseth@harvey.com
691250,austin52@walker-anderson.org
849034,cdelacruz@yahoo.com
730397,nestes@gmail.com
855336,ustevens@yahoo.com
741552,mannalexis@hall.com
792881,james50@yahoo.com
845784,wardmichelle@gmail.com
754328,lawrencemaldonado@yahoo.com
898974,ihoover@ballard.com
512906,hesscandace@hotmail.com
820666,jacksonwendy@gmail.com
854700,vhart@giles-davis.info
570711,keithnicholson@yahoo.com
615854,jensenchase@goodwin-clark.com
581991,cathy87@newton.biz
868805,samanthasmith@yahoo.com
831054,rachaelhunt@chan-garner.biz
707115,bethanybright@friedman.com
549969,vargasaaron@evans.net
641435,kylebanks@yahoo.com
863485,jason86@gmail.com
712161,jle@garcia.com
667134,amandasherman@mitchell.com
743506,dylan52@huber-lewis.com
686002,peter11@hotmail.com
883903,susan46@yahoo.com
651812,scott09@elliott-morris.info
587503,worozco@kelley.org
657486,nthompson@gmail.com
793321,bassalexa@hotmail.com
507119,allenjennifer@arellano.com
765135,katherinewilson@hotmail.com
532269,williamslori@yahoo.com
816902,jamie87@yahoo.com
778718,kristina69@lee.net
888219,brownanthony@yahoo.com
625328,terryshannon@yahoo.com
818497,sherricardenas@pierce.com
831476,saundersdan@yahoo.com
806987,gjones@allen.com
744298,yjones@bennett-graves.org
616888,wwade@gmail.com
837411,adam84@gmail.com
849994,joshua91@hunter.org
885542,rodney37@bridges-jones.com
673096,nmcclain@gmail.com
740041,miguelrobinson@yahoo.com
592927,igarcia@yahoo.com
689795,etaylor@yates.com
824224,davisdonald@yahoo.com
554518,jennifer38@yahoo.com
732902,tylerreeves@rivera-solomon.com
525750,cheryl41@boyer-smith.info
520842,davisnicholas@hotmail.com
564714,ohoover@contreras.net
651794,herbert65@hotmail.com
786480,alexandriasantiago@dalton.com
711415,alexishunter@hotmail.com
804842,ugutierrez@ruiz-christian.org
869069,perezdanielle@lozano-dean.com
733452,lacey40@mccall.com
515493,rossjason@hotmail.com
506678,kimcummings@contreras.biz
836141,markanderson@sandoval.com
639697,sdavis@hotmail.com
898028,morrisdawn@douglas-clark.com
808819,shannonkennedy@jones.com
569623,gchan@gmail.com
868154,charles13@yahoo.com
582490,erikavazquez@hotmail.com
733232,matthewallen@vargas.com
558850,leonkyle@yahoo.com
806277,robertjohnson@gonzales.net
860188,nthompson@thompson.biz
672768,jasonsmith@gonzalez.com
788088,williamsalexis@yahoo.com
546627,dawn08@hernandez.info
650233,chad38@hotmail.com
570640,darlenesmith@stein.com
611633,hogansylvia@gmail.com
894075,xmooney@ward-page.com
859107,jamesross@whitaker.com
574131,amyhart@yahoo.com
506113,boydfrank@gmail.com
838127,sherry10@page.com
639181,hsmith@hotmail.com
717721,chambersrebecca@campbell.net
692726,troyhodges@hotmail.com
680408,whiterachel@yahoo.com
728910,johnmartinez@rogers.com
610801,millerzachary@hayes-solomon.com
613151,hollowaythomas@yahoo.com
863957,kimberlycook@hotmail.com
649845,omartin@thompson.com
758886,davidashley@thompson.org
740615,jeffrey00@adkins.biz
573418,amy97@gmail.com
826720,ashley51@ferrell-smith.com
627503,robert54@hotmail.com
674305,tayloramanda@gregory-cummings.com
655543,ucarlson@yahoo.com
842817,hugheshenry@gmail.com
674235,bradfordkaren@lopez.com
593901,woodbryan@yahoo.com
620047,hamptonjennifer@hotmail.com
685289,millerjulie@vang.com
801588,ricardojohnson@gmail.com
791102,poncepatrick@yahoo.com
778205,mitchellshannon@gmail.com
695262,jcochran@howard.com
546300,xblankenship@hotmail.com
855569,jamesporter@stone.org
774120,dneal@michael-rogers.com
504312,matthewbird@gmail.com
634582,brianhawkins@moore-cabrera.com
583591,jamie49@yahoo.com
560048,robert13@hotmail.com
687487,ninamolina@rivera-morris.com
654377,brandiclark@lee-green.info
855313,joshuaalvarez@hotmail.com
706197,ngallegos@yahoo.com
820586,nathanielsanchez@hotmail.com
508230,haleytammy@hotmail.com
754092,peter06@yahoo.com
713969,riveraamy@west-white.biz
722720,dnguyen@yahoo.com
846163,fclark@perez.net
744749,adavis@gmail.com
849498,ghughes@gmail.com
621054,eward@hotmail.com
761210,davidblack@hotmail.com
743728,kayla53@gmail.com
702185,ycalderon@hotmail.com
897156,debbie44@mcneil-burns.org
743870,browncheryl@ward.biz
880520,jeffrey79@bates.com
739606,james53@solis.com
724531,douglassampson@gmail.com
836630,danny92@yahoo.com
577165,brennandenise@gmail.com
890662,johntrujillo@hotmail.com
709653,benjaminallen@molina.com
887587,smithlaura@fisher.com
734562,christopher46@gmail.com
621554,heather60@hotmail.com
598707,lammichelle@bryant-buck.com
753940,castillorenee@yahoo.com
769541,davidreid@castillo-davis.com
709803,cassandraburton@hotmail.com
516969,leevanessa@gmail.com
514793,jessicabishop@yahoo.com
805999,zachary97@hotmail.com
676926,vrichardson@gmail.com
746914,millersarah@smith-brooks.com
821097,floyddavid@gilmore.biz
534430,theresachavez@hotmail.com
796534,sharon92@cortez.com
744651,lisa66@gmail.com
770540,christopher24@gay.com
524346,brendashaffer@price.com
775667,andreabowman@wong.com
869154,potterjenna@banks.com
732437,arnoldmiguel@olson-rogers.biz
850291,lewismatthew@gmail.com
782969,eclark@miller-carroll.org
784500,adkinsmike@floyd.net
866248,zpaul@yahoo.com
846534,ramseyjoshua@gmail.com
803142,ubutler@yahoo.com
595467,dawn82@hotmail.com
717124,hectorlowery@valdez.com
536046,sbaker@mcdonald.com
858296,sierra41@baker-ball.com
550496,kimchen@yahoo.com
582999,raymondrivera@webb.info
788915,jennifer37@paul.com
884701,scottsarah@williams.biz
749418,masonmatthew@hotmail.com
561769,cstark@carter-wallace.com
721200,osalas@gmail.com
875704,qbell@yahoo.com
783356,kwallace@jenkins.com
805896,cdavis@hotmail.com
772390,rojaspedro@montgomery.com
527319,valeriegraves@yahoo.com
740212,daniel06@maldonado.biz
666069,djones@brown.com
564587,jamierodriguez@gmail.com
654593,hdiaz@hotmail.com
748695,brandon15@hotmail.com
762022,xmarquez@hotmail.com
772851,joel87@hotmail.com
798944,bautistacheyenne@durham.com
547407,bowenclaudia@gmail.com
636376,russellvictoria@gmail.com
555276,vrocha@hotmail.com
759427,campbellmark@dixon-anthony.com
884277,qmccullough@yahoo.com
596651,uwilson@gmail.com
607340,james32@gmail.com
892298,nicolasboyd@johnson.com
531901,vcastro@dixon.org
565184,beth72@williams-fernandez.com
596399,brenda57@hotmail.com
689937,rbarker@carter-williams.com
598384,thompsonmary@johnson.com
544495,reynoldsangela@yahoo.com
527740,miguel38@barnes-carter.com
516277,masonveronica@hotmail.com
501822,vsanchez@gmail.com
814851,james42@giles.info
824628,alexander61@yahoo.com
655888,copelanddavid@yahoo.com
786474,omargarcia@gmail.com
585411,dunnchristopher@johnson.com
614694,thomas82@hotmail.com
744627,mvargas@hotmail.com
730745,elizabeth59@hotmail.com
873503,ihowell@clay-roberts.info
871415,steven77@young.com
876483,ariley@willis.net
892004,mary76@gmail.com
894499,erica55@bryan-brown.com
675358,hwolf@riley.org
631492,laurenray@gmail.com
841161,ktucker@gmail.com
529780,salinasjason@little-mills.com
750672,caleb07@jensen.biz
756855,ahanson@schmidt-pratt.com
504150,jason15@yahoo.com
561551,xglenn@olson-patterson.info
856376,gtaylor@johnson.com
664515,marylittle@hotmail.com
882993,johndaniels@brooks-reynolds.com
623705,cynthialeblanc@gmail.com
889434,hhill@yahoo.com
815383,pinedakaren@anderson-hawkins.info
543027,zlynch@ford.org
690139,wcooper@gmail.com
788846,wmyers@hotmail.com
865891,gregory12@roberts-hodges.com
887366,katieperry@gmail.com
689194,piercelisa@reynolds.com
509464,jeffreygreen@yahoo.com
552585,cynthiasmith@gmail.com
633321,carlataylor@mitchell-taylor.com
800376,mgrant@yahoo.com
608160,dmartinez@carlson-bailey.com
562435,jacquelinesawyer@gmail.com
649181,lisa87@stevens.com
819178,james67@hall.biz
788973,ellisonjulie@yahoo.com
659325,aliciatran@hotmail.com
598489,elizabethsteele@gmail.com
637950,yshaffer@gmail.com
865342,audreyriley@gmail.com
568342,nathaniel82@gmail.com
580268,christopher51@hotmail.com
749195,markallen@yahoo.com
869039,gary11@clark.net
683179,nicholas61@castro-hunter.com
793286,hmccoy@vazquez.com
668229,swilliams@jones.com
583208,kenneth73@yahoo.com
608968,stephanie05@gmail.com
592439,kevincolon@hotmail.com
797584,michaelmelissa@hotmail.com
632736,nancybarker@hotmail.com
597170,floresdave@torres.info
834624,jenniferorr@salazar.com
894090,gkennedy@yahoo.com
639526,joelwarner@gmail.com
525930,jennifer84@fernandez.com
709525,bfox@yahoo.com
882110,daughertyhector@hotmail.com
844735,owensluis@gmail.com
624115,lauren69@patterson.com
767097,georgedaniel@scott.net
859782,donna56@gmail.com
736878,qspence@garcia.com
502802,eileen88@cooke-davis.com
856457,millershawn@cooper-martinez.com
707532,evansdustin@yahoo.com
888477,halldakota@arnold-mendez.com
615260,ygeorge@nguyen.net
535330,cynthia08@hotmail.com
887389,zestes@shepherd-joseph.com
508487,stricklandkathleen@yahoo.com
770002,todd81@stevenson.com
840882,michelle11@dominguez.com
631015,matthewbrown@gmail.com
572092,mgonzalez@hotmail.com
781508,cunninghambradley@brown.com
787549,pachecomiranda@gmail.com
793443,jennifer45@goodman.info
798721,schneiderbrandi@hotmail.com
511905,reeseerika@hotmail.com
787346,thomasrandy@gould.org
731777,mckinneypaula@richmond.com
861377,whitney19@yahoo.com
636922,jennifer39@moore.com
881999,brownpatricia@gmail.com
884552,dustinoneill@lambert.com
856191,raymondshaw@mitchell-zavala.com
732136,mariaramos@gmail.com
668719,wgarner@yahoo.com
698426,cthomas@hotmail.com
559244,nwillis@gill.com
877339,katherinestanley@gmail.com
529373,jamesallen@moran-oneill.org
662193,nwright@summers.com
632127,smorales@hawkins.biz
538559,nicolemartin@humphrey.net
512945,ubranch@mitchell.info
526739,nicolehess@wheeler-alexander.com
881737,kdickerson@martinez.com
849510,aguilarpatrick@hotmail.com
819761,carlos25@yahoo.com
837773,smithjoshua@yahoo.com
876989,heathsherry@wallace-vargas.org
740098,zgutierrez@wagner.org
780363,tonya35@gmail.com
817237,davidarmstrong@gmail.com
834999,wmckay@gmail.com
610143,kcox@ortega.info
610635,kempnicholas@yahoo.com
855110,andrew15@gmail.com
568220,michael11@gmail.com
569554,micheleklein@montoya.com
608397,sgould@yahoo.com
776813,lisacochran@berry.com
707577,sevans@yahoo.com
500683,ekelly@hotmail.com
669745,amy41@hotmail.com
752754,gonzalezsamantha@molina.org
806778,henry83@carr-peterson.com
626805,iserrano@gmail.com
576672,scott25@yahoo.com
863573,nstone@gmail.com
569680,erin26@roberts.com
626800,webbkelly@jenkins.com
847510,tmercado@schmitt.com
764393,stephen95@gibson.net
525930,cookjoshua@yahoo.com
731445,huynhwilliam@yahoo.com
598935,klee@branch.com
711881,frederickparker@boyd.com
550694,martin67@boyd.com
827782,xthomas@gmail.com
521682,derrickclayton@yahoo.com
888783,johnmendoza@gmail.com
589366,karen98@guzman.com
581191,roblestammy@fernandez.biz
866565,omartin@yahoo.com
595530,pinedakathryn@castillo.com
523852,martingregory@gonzalez.com
760609,reyesbrad@floyd.com
743834,mmyers@young.net
828475,jmiller@hernandez.biz
705810,pmartin@hotmail.com
615480,ryandowns@sanders.biz
662346,matthewmiller@frank-castro.com
744958,williamjacobs@nguyen.net
794331,maxwellgeorge@austin.info
891190,zgonzales@yahoo.com
601382,steven53@gmail.com
544344,amber00@yahoo.com
783622,xorozco@gmail.com
881474,hollyrojas@mason.com
840587,brittanyhawkins@arnold.com
786076,amanda32@jones-maxwell.org
530593,leblancandrew@hotmail.com
523476,echambers@sanchez.com
624746,idavis@hotmail.com
614425,turnerkelsey@hotmail.com
552881,tammygarcia@gmail.com
623336,regina68@gmail.com
864252,jennafarrell@gmail.com
668815,catherine27@williams-hayes.info
694562,brettguzman@gmail.com
571483,suzannehudson@yahoo.com
731443,francesgardner@hotmail.com
857793,gford@yahoo.com
590879,iward@hughes.com
721871,suzanne12@chambers-mccoy.com
841954,savannahwilson@yahoo.com
567251,hrogers@daniels.net
816290,frankchang@gmail.com
700970,irivera@hotmail.com
640957,sandradelgado@yahoo.com
669325,samanthaburke@yahoo.com
640052,megansantos@hotmail.com
558127,zboyd@gmail.com
782589,marnold@lopez-phillips.com
538259,warrenheather@hotmail.com
502344,bfarmer@gmail.com
633416,karenmurray@yahoo.com
756840,sstrickland@yahoo.com
611546,wsmith@gmail.com
865997,james24@gmail.com
605704,zwilson@yahoo.com
572361,ijohnson@mcintosh.com
532759,fosterconnor@yahoo.com
717774,april28@acosta-paul.org
635860,raymond42@yahoo.com
598215,larrymoore@yahoo.com
640308,david48@yahoo.com
501084,alexandrashort@maldonado.org
769943,sarahall@gmail.com
770396,robertosmith@gmail.com
725052,craigsalazar@yahoo.com
670818,moralesanthony@dorsey.org
638920,yvette35@yahoo.com
735425,amandacarson@leon-lambert.info
603267,vmoore@hotmail.com
702136,davidhoward@cummings-martin.com
721362,rebecca85@gonzalez.com
840808,kevingarcia@duran.com
765285,monicaguzman@yahoo.com
774383,simpsonandrea@gmail.com
649410,geraldrodriguez@petty.com
718986,kathrynfowler@hotmail.com
604249,kelly16@walters-jensen.com
705110,victoria54@yahoo.com
643827,ricardo27@yahoo.com
807738,curtisboyd@valdez.net
728814,tina02@smith-fields.com
801049,charles44@jennings-jones.org
603024,stephaniejones@cabrera-vaughn.com
576419,lauratorres@fernandez.com
737131,nathaniel14@hotmail.com
526133,katkins@gmail.com
875514,wyates@gilbert-brown.info
618209,fwilliams@bryan-hammond.org
539601,tcannon@yahoo.com
719146,michael98@peterson-torres.com
899325,leecameron@rich.com
516270,gdominguez@jackson-king.com
778051,christophermarsh@yahoo.com
657198,robert25@hotmail.com
571754,carlos40@yahoo.com
529218,idavis@vasquez-blair.com
807951,craig95@yahoo.com
676783,melissameza@mckinney-meyers.com
733556,evelyn64@hotmail.com
745795,mark95@patel.net
696778,hilllarry@yahoo.com
635801,mercadovincent@gmail.com
582797,williamjordan@hotmail.com
512368,daniel40@yahoo.com
538659,meltonnorma@thompson-brooks.com
729223,sandragibson@zimmerman-reeves.biz
634461,shirleypalmer@hotmail.com
599532,xmartinez@hotmail.com
693001,hawkinschristina@yahoo.com
806448,deanna24@drake.com
723349,upowers@butler-bright.org
736380,jensenrenee@yang-white.com
747070,matthewgilbert@singh-arnold.com
880080,atkinskimberly@russell.org
592148,coxsean@wilson.com
665468,woodsbenjamin@blair-thomas.biz
782449,richard48@gmail.com
750648,glenn72@hotmail.com
886413,jacksonmolly@stone.biz
604610,racheldavis@davis.com
803629,johnsontimothy@hotmail.com
690494,jesseodonnell@hotmail.com
717082,hurstjoseph@williams-baker.biz
866648,kellysutton@gmail.com
551900,ahinton@yahoo.com
834136,annrobinson@peterson.com
548309,victoria11@powell.com
506309,galexander@yahoo.com
784543,smithelijah@yahoo.com
556990,trivera@yahoo.com
610470,nancyperry@yahoo.com
749006,francisco92@yahoo.com
634474,leah19@yahoo.com
502365,bakergabriella@bennett-butler.com
574812,jesselang@hudson-brady.org
675995,christopher57@yahoo.com
577409,shart@gmail.com
714003,dawn64@valdez.com
885053,jennifertran@raymond.com
848758,riverasarah@shah.com
527860,paul23@hotmail.com
692794,wolfpreston@hotmail.com
518833,amandagarcia@peterson.com
565726,csmith@allen-freeman.biz
695910,smithrichard@gmail.com
738005,shannon91@hotmail.com
713448,chris05@hotmail.com
894750,justinmartinez@yahoo.com
853457,cindy35@gmail.com
861465,hrogers@gmail.com
551687,jeffery48@hotmail.com
743572,hutchinsonjudith@gmail.com
596667,jermainepruitt@dawson.biz
854873,zacharyhobbs@brown-alvarez.com
741973,kevin65@yahoo.com
639293,rhodge@mcclain.info
670918,michelle43@wilson.com
810447,edward06@hotmail.com
534860,qnichols@craig.net
793988,warnerbrittany@morris-owens.net
618008,rmoss@hotmail.com
864756,ecampbell@greene-meyer.com
507938,fstanley@yahoo.com
801997,matthewmyers@gmail.com
589277,grossjoyce@gmail.com
510764,melissa38@hotmail.com
725647,annettegood@gmail.com
572970,timothyperez@yahoo.com
822695,pmercado@diaz.net
837369,larry64@gmail.com
869490,ppayne@woods-nunez.biz
714969,qgriffin@russell.info
808304,jwerner@torres.com
820308,gbeck@flores-lopez.com
646742,xgrimes@hotmail.com
515985,katherinedavis@bishop.com
570962,wmiller@gmail.com
528143,wwalker@hotmail.com
689707,greenelizabeth@green-morgan.org
768999,arthurrichardson@lopez.com
624352,bryantkatherine@williams-houston.com
600576,danielschultz@hotmail.com
877454,troy87@horton.com
680483,matthew26@ruiz.info
536989,kyle29@ray.com
734796,webbwendy@wagner.org
856775,rodriguezthomas@hotmail.com
581727,cconner@cruz.com
558822,courtneyedwards@gmail.com
639106,schultzamanda@hotmail.com
726439,jonesjeffery@gray.com
839856,sharonmaynard@thomas-turner.info
745147,robertadams@pierce.org
866070,matthewwood@humphrey-simon.biz
601160,barbara67@johnson.biz
687776,matthewnunez@hotmail.com
573378,joanna36@herrera.com
898508,tamarahall@fuller-bennett.com
763909,hosborne@gmail.com
513372,pmckinney@gmail.com
861260,hhansen@powers.com
511152,gregoryelizabeth@yahoo.com
568025,daniellehorne@cook-ramirez.org
629438,johnsmith@yahoo.com
546879,fturner@yahoo.com
672972,perezmicheal@miller.org
842591,leejoseph@mason.com
533416,lorismith@willis.com
770363,aarontaylor@gmail.com
663760,hansonkelly@yahoo.com
697186,frankwilliam@yahoo.com
653445,grahamnathaniel@baker-johnson.com
741190,barneschristine@hotmail.com
622991,jamesmorgan@parker.com
601094,kmartinez@obrien-aguilar.org
811353,pgarcia@hotmail.com
812543,derek05@hotmail.com
782018,rfuller@flores.com
520473,michelleanderson@young-walker.net
891289,bellmichael@johnson.net
847502,mark57@yahoo.com
825066,madisonbright@zamora.com
526062,haasjessica@yahoo.com
796392,dortiz@sanders.com
534604,johnperry@meza-bridges.org
714116,charles39@hotmail.com
613790,brownricardo@adams-peck.com
694026,michael93@hotmail.com
552280,donald88@yahoo.com
583125,ythompson@gmail.com
824919,williamswanda@riley.net
841382,freemanscott@yahoo.com
511509,tfaulkner@bell-davis.com
635358,eric02@price.com
818027,rcruz@kelley.biz
829540,omartinez@mann-martinez.org
664893,savannahryan@gmail.com
599730,vincentkim@hotmail.com
790400,derrickortiz@gmail.com
716481,pamela33@yahoo.com
881709,qrichard@gmail.com
746465,kenneth87@ball.com
664813,egross@neal-trevino.com
739867,wmorris@johnson-miller.com
539093,deckerwilliam@yahoo.com
831691,david77@cook-bennett.org
717773,youngjennifer@gmail.com
639332,michellerodriguez@yahoo.com
512984,griffinchristopher@aguirre.biz
773824,sarahmoore@smith.com
833136,pnelson@gmail.com
656505,hoganbrett@lewis.org
854305,carlacallahan@perry-contreras.com
850087,pittmanjeffrey@hotmail.com
776228,wardjustin@webb.com
804028,fulleramanda@payne-cole.org
763952,marshallmichael@branch.net
792721,fhernandez@johnson-watts.com
813570,roachmatthew@wilson.org
727764,bennettjohn@adams-dean.net
811199,burnettandrew@salazar.net
537884,meyerjames@thompson.com
778872,zwalker@valdez-hale.com
762580,parsonsjonathan@hotmail.com
597399,tinaeverett@hotmail.com
630496,pjones@gmail.com
564902,douglasparker@yahoo.com
795569,ismith@johnson.org
645420,debra03@hotmail.com
821982,lgarrett@hotmail.com
577319,oliviazamora@sanchez.com
630593,philipbell@gmail.com
705356,uwatson@anderson.net
863589,avasquez@johnson-lee.com
832053,tramos@smith.com
551297,francis93@hotmail.com
535836,brittany90@osborne.com
768209,glenncarlos@gmail.com
671540,sanchezjose@ray.org
742212,davidhernandez@lucas-ramos.biz
667432,yblankenship@yahoo.com
807748,jennifergriffin@frank-chase.com
687025,chanjacqueline@gmail.com
506767,monicamills@dennis.com
846164,derekschneider@yahoo.com
786145,banksjeremy@yahoo.com
653302,guy82@yahoo.com
763520,dtaylor@hotmail.com
547416,jaredgarcia@hotmail.com
895815,jsims@yahoo.com
629008,stewartmichelle@carson.com
867637,michaeldavis@orozco.net
762122,gabrielcunningham@hotmail.com
841126,amy96@hernandez.com
651140,freemanmartha@hebert-sanchez.com
772207,pjackson@brewer.com
556971,imoore@page.com
502218,bethany22@hotmail.com
635468,hollowaypaul@stephens-perez.info
604708,rramirez@russo.com
573861,michael53@hooper.com
533321,sharon77@hotmail.com
691727,jessicagonzalez@stokes-lucas.net
762992,caitlyn05@swanson.com
660607,darren52@yahoo.com
665702,phillipsmith@yahoo.com
835703,marycruz@hotmail.com
740296,awashington@vargas-parrish.info
720351,lindsayhendrix@west.net
554050,kennethkaufman@gmail.com
685650,sjohnson@yahoo.com
834888,jeannefarmer@brown.org
597209,dalvarez@hotmail.com
520869,roweryan@gmail.com
703395,tiffany03@gmail.com
795152,jacobforbes@stevens-harper.com
793431,nkim@gmail.com
672599,fitzgeraldedward@hotmail.com
584402,robertbates@james-reed.biz
601903,kathrynbowman@dyer-marshall.com
578700,hilllarry@yahoo.com
562593,michelle41@lopez.info
645173,fieldsrichard@higgins.com
843577,peterfigueroa@yahoo.com
659353,rhondahoffman@lewis.com
670841,kimberlypowell@yahoo.com
704322,kmiller@blackburn-sullivan.com
682231,harold01@yahoo.com
865607,fpeters@hall.com
651668,amandasteele@yahoo.com
679621,valerie95@yahoo.com
737553,oknox@riley.com
883669,ihernandez@hotmail.com
688777,shelbyclay@hotmail.com
653307,kimberlyflores@ball.com
760280,brooke67@hotmail.com
580661,tylerbaker@cox.com
619571,anthonykramer@martin.biz
759150,scott28@bowen.net
839321,jordangary@miller-carpenter.net
835163,riveralinda@taylor.com
665027,sloansharon@gmail.com
808182,amandaalexander@armstrong.biz
653145,estradamichaela@yahoo.com
708970,james03@peterson.com
809975,smithautumn@yahoo.com
757461,jennifer31@hester-escobar.com
811897,lorimendez@hotmail.com
526907,rodriguezchristian@evans.com
553739,jeremy66@burch.com
753313,vincentjohnson@scott.com
604400,vanessavalenzuela@hotmail.com
665650,spencer94@taylor.com
783848,rileybrandon@perkins-moses.net
890256,villarrealmark@gmail.com
631143,bryan32@reese.com
751135,leeelizabeth@hotmail.com
590770,coxjessica@marsh.com
515856,teresapowell@johnston-andrews.com
688864,hernandezmichelle@johnson.com
599093,richardrodriguez@sanchez.com
708332,stevenatkinson@parker.com
619075,mcintoshjohn@gmail.com
510044,david13@ferguson-jackson.com
730020,jacquelinemartin@sims.com
606024,mindydavenport@johnson.com
557829,williamsterri@yahoo.com
685360,oellis@hotmail.com
638574,tfrost@hotmail.com
826505,marquezbetty@gmail.com
836337,edwardsrichard@hotmail.com
628349,diazdaniel@carlson.com
771090,myersamy@mitchell.net
872367,sarah19@reyes.org
716670,jasonwood@gmail.com
505908,jonesglenda@patterson-pruitt.org
500015,michael28@yahoo.com
887507,martinsteven@hotmail.com
794306,dfitzpatrick@warren.com
836426,qlove@yahoo.com
800427,onicholson@gmail.com
600202,davidpham@taylor-castillo.info
785575,richardsoncourtney@yahoo.com
619140,kyle94@gmail.com
660995,ryan52@hotmail.com
881654,tstout@hotmail.com
545591,sharon96@pineda.com
642117,gabrielajones@miller.net
821524,fhutchinson@patel.com
554335,danielle51@hotmail.com
551118,colleen27@yahoo.com
521856,ihaynes@yahoo.com
882586,william99@yahoo.com
763058,noahsmith@parsons.biz
782991,welchcurtis@yahoo.com
742655,williamssamuel@kirby-thompson.net
619916,shelby51@farmer-cross.org
781990,nancy04@henry-potter.com
835526,martinezchristopher@robinson.info
758005,michael65@yahoo.com
841255,dennisbarber@barry.com
603486,bennettandrea@gmail.com
892598,robertsmith@gmail.com
682283,lauren88@santos-johnston.com
744956,carrieweaver@bullock.biz
872432,williamsonsamuel@vincent.com
856052,petersonveronica@yahoo.com
561889,antoniogardner@hotmail.com
838587,richard31@adams.biz
641038,grivera@hotmail.com
685545,zdiaz@hotmail.com
683288,frank45@smith.com
731290,millerlinda@hotmail.com
716803,eroberts@hotmail.com
712967,moseseric@johnson.biz
847320,kelly69@johnson.net
635853,kimberly37@brown.com
828586,lstewart@gmail.com
842735,johncarr@kennedy-butler.com
691050,melissajenkins@gmail.com
567343,brendan70@yahoo.com
791627,devinharris@hotmail.com
562537,wilsondavid@graham.com
566525,joseph82@bennett-johnson.net
773661,michellestone@rose-crosby.com
667265,howelladam@montgomery.info
742610,tammydavis@jarvis-johnson.com
749272,vmata@hotmail.com
758664,theresajenkins@robinson.biz
796196,andrew51@gonzalez.com
540534,maloneandrew@barr-davis.com
630573,lthompson@williamson-johnson.com
550719,chadolson@gmail.com
628020,amatthews@byrd.com
685748,pdiaz@gmail.com
888509,xharper@hotmail.com
597779,deniseserrano@gmail.com
681945,bduarte@yahoo.com
596991,proctorandre@pierce-graves.net
533724,michaelreynolds@barnes.com
783703,timothyrodriguez@reyes.com
512176,johnchavez@gmail.com
693388,rebecca43@yahoo.com
780286,garystephenson@gmail.com
871367,qhowell@yahoo.com
540555,cmorgan@shaw.net
770841,bnixon@hotmail.com
813252,hartian@wu-costa.com
635770,anitalewis@yahoo.com
625306,fleonard@hotmail.com
776055,frankmason@bailey.com
696968,jonathanmaynard@mack.net
720425,jonesbradley@chambers.com
536869,ygray@hotmail.com
813154,palmerkevin@alexander.com
610928,tanner46@camacho.com
836702,gwhite@gay.com
562589,scottjohnson@davis.net
811117,simmonsjean@gmail.com
811255,michellemora@smith.org
501557,dianabarrett@alexander.com
563091,vcollins@brown.com
607534,zlee@shaffer.info
834247,xzhang@austin-young.net
862386,samuel00@hotmail.com
821815,rebeccabenson@gmail.com
646672,ptaylor@daniels.info
572188,carriemoore@patel.com
613909,upage@gmail.com
879985,wigginsjessica@yahoo.com
814026,rebeccamarquez@yahoo.com
810754,mahoneywilliam@hotmail.com
536645,veronica24@gmail.com
868313,swall@gmail.com
717927,james91@gmail.com
748460,joshuafox@perez.com
773982,sandershunter@hotmail.com
661999,simonronnie@scott.biz
550399,rgordon@gmail.com
680428,chavezkristina@davis.net
675582,vholt@yahoo.com
568136,shawn85@yahoo.com
744503,andrew27@hill.biz
833895,matthew10@gmail.com
867628,gjones@yahoo.com
761348,crussell@gmail.com
621433,jonesdaniel@chang.com
839397,margaret47@hotmail.com
843281,csmith@yahoo.com
746291,theresa18@yahoo.com
502336,potterangela@burton.com
568037,kimnathaniel@gmail.com
757467,coreytorres@gmail.com
788097,lindsey77@carter.net
635817,qrandall@barnett.com
823060,fbennett@gmail.com
817286,novakgary@yahoo.com
763144,whiterobert@edwards.info
737356,ginalutz@nelson.com
737909,zdean@brewer.net
800964,maria85@waters.com
558914,matthew52@yahoo.com
533895,stephanie06@morrison.com
692020,greensusan@lyons.org
855476,seanhamilton@salazar-johnson.info
648997,victor16@estrada-mckinney.com
643625,markmitchell@nelson.com
821735,rwilliams@mueller.com
526245,grojas@hotmail.com
703078,alexanderwilliams@hotmail.com
543058,xprice@brown.com
896314,jessicaenglish@hotmail.com
896938,hmorris@walker.com
860430,toddsteven@hotmail.com
815236,williamsrachel@yahoo.com
597424,michele94@gmail.com
800414,dyates@lamb-walker.com
598807,matthew60@hotmail.com
846402,schmidtrandy@gmail.com
836447,millerblake@payne.com
797885,eneal@finley.com
776599,michaela35@yahoo.com
577903,marcusfernandez@clark.info
840102,paultonya@gmail.com
837644,mark48@white.com
711218,ewhite@sims.org
795275,lisalong@newton.biz
832161,ccantu@graham.biz
863966,jason98@burke-andrews.com
525312,rodriguezangela@smith.org
638375,xrowland@gmail.com
647623,barnessuzanne@diaz-salinas.org
512980,nheath@alexander-perez.com
800795,smithwilliam@yahoo.com
887297,samantha19@hotmail.com
570729,robertsonjulie@hotmail.com
817827,hmarquez@phillips.biz
877457,ramseycourtney@cervantes-silva.com
623441,matthew06@adams-bryant.net
505233,evansdarren@garcia-larson.org
730695,adamlester@hotmail.com
818167,michaelfrench@thomas-martin.com
817470,martineznicole@cook-barnes.com
863316,ericreyes@yahoo.com
765538,alopez@williamson.com
746056,emilybonilla@hull.com
670652,mccarthyrobert@alvarado.com
738215,fitzgeraldscott@soto.com
831994,timothyacevedo@moore-gomez.com
742308,bgreen@gmail.com
514909,flemingmaria@hotmail.com
503834,coledaniel@gmail.com
755477,pateltammy@singleton-mcclure.com
681754,rbryant@lam-anderson.biz
678411,natkinson@hotmail.com
753624,ashley26@gmail.com
570290,justinclark@yahoo.com
634730,joseph83@yahoo.com
803197,russellandrea@hotmail.com
672377,williamduncan@gmail.com
624660,ashleydudley@coleman-ellis.com
602200,laurenbolton@gmail.com
545722,garciacatherine@hotmail.com
803457,tiffanyjimenez@hotmail.com
868857,christopherpearson@cox.biz
674195,jayklein@archer-hill.com
885967,debrajordan@yahoo.com
615189,alejandrojohnson@ramsey.biz
661013,jesus66@ross.biz
543270,andersonjohn@robinson.com
781819,williamclark@hotmail.com
656546,crystalgarcia@yahoo.com
634480,fostersusan@jones-scott.info
839610,ellenvillanueva@hotmail.com
639044,natashafernandez@king.biz
785246,ibright@hotmail.com
804123,grantrobert@nelson.org
543599,david32@molina-martin.com
826826,reedlarry@eaton.com
734257,wardbrittany@yahoo.com
554068,jamesortiz@rollins.net
634130,michael96@robinson.com
798398,francesoneal@hotmail.com
855059,johnsonmargaret@yahoo.com
633591,amanda17@harrison.info
816357,douglas25@anderson-sherman.net
588683,jporter@gmail.com
842511,sharon96@hotmail.com
627288,payneandrew@huynh.net
701996,ashley90@rodriguez.com
711044,jsantiago@munoz-anderson.org
681195,goodjenna@hotmail.com
857570,gjenkins@hotmail.com
534761,samantharussell@tran.com
656214,james28@yahoo.com
796906,pwalker@hale.com
605650,njohnson@gmail.com
551573,davidmiller@yahoo.com
704700,lhebert@yahoo.com
661499,nicolebarnes@smith.com
793620,brandonweber@ritter.net
675200,rebecca84@parker-rivera.com
574996,cassidygutierrez@vaughan-stone.com
745303,wgrant@jackson-palmer.net
828530,penadawn@gmail.com
529978,lcohen@chandler.org
673925,orrbrett@gonzalez-rivas.biz
639148,glennmonica@yahoo.com
541311,daniel18@gross-cantu.com
640312,levykurt@rowe.com
509410,donald62@hotmail.com
828100,christinarodriguez@edwards-robinson.com
654784,sierra23@gmail.com
657861,osharp@mason-carter.biz
588417,susan22@gmail.com
524369,stephanievaughn@gmail.com
766024,solomonkimberly@hernandez-snyder.com
565923,browningsteven@gmail.com
776359,tjohnson@russell.com
587696,samanthahill@hotmail.com
836703,mathewslindsay@moore.biz
779642,justin90@hotmail.com
582700,langsamantha@yahoo.com
797976,kennedylori@yahoo.com
846482,kmartin@yahoo.com
527475,christinacarr@johnson-thomas.com
702553,megan79@yahoo.com
857170,joanna62@gmail.com
754581,stephanie64@hotmail.com
827099,ospence@gmail.com
841178,brooke40@joyce.com
715539,allen21@mitchell.com
569409,yweber@hotmail.com
898562,robert50@hotmail.com
752594,robertobrown@gmail.com
636203,qmassey@gmail.com
564124,marcusfields@yahoo.com
735707,jennifermedina@yahoo.com
884129,randallgardner@hotmail.com
878052,ssmith@lopez.com
517902,krodriguez@yahoo.com
777873,andrea93@elliott-peters.com
653675,trandonna@lindsey.com
721386,egray@hotmail.com
877210,lmaldonado@hotmail.com
679750,lreyes@zavala.net
806144,falvarez@yahoo.com
805547,pamelasmith@walton-newton.net
750965,alejandrakeith@duncan.info
769283,tannerfreeman@garcia.info
674544,william48@hotmail.com
829991,brownmartin@gmail.com
565485,leonard20@pierce-anderson.com
849299,gregorycross@hotmail.com
620662,rkeller@hotmail.com
626159,terrellchad@yahoo.com
778955,jenkinskristen@gmail.com
596711,brian36@yoder.biz
730616,lindsey13@hotmail.com
885632,ellisoncharles@petersen.com
604449,xgreer@gilbert-weaver.info
755700,brichard@hotmail.com
543468,jennifer60@young.biz
760808,xlawrence@gmail.com
584141,tgreen@yahoo.com
573853,lynnrodriguez@yahoo.com
515908,johnsonzachary@bell.biz
881825,bakermario@taylor-cooper.biz
699321,gerald72@bonilla-burns.com
585696,wellsmichael@rogers.com
535928,eking@hotmail.com
854106,bmiller@smith-sullivan.com
749590,donald11@smith.com
739652,yfleming@knight-hughes.com
860196,megan04@ramsey.com
655056,cbaker@gmail.com
592537,fjohnson@molina-wilson.com
617524,patelanne@hotmail.com
821819,madisonbailey@hoffman-silva.com
579974,palmernicholas@bailey.info
757495,millsdrew@hotmail.com
875633,bonnie40@moore.net
604288,wolfamber@miller.com
648546,jonperez@yahoo.com
644643,calderonlindsay@foley-pearson.net
850217,duranvictor@yahoo.com
843361,ajones@hotmail.com
672419,dsmith@yahoo.com
642721,martintracy@yahoo.com
650533,leahmurphy@craig.org
677557,fernandezvincent@hotmail.com
872434,sarahwalters@hotmail.com
864487,ubradley@hotmail.com
877791,tyler94@yahoo.com
655155,kathryn42@yahoo.com
587360,davidrussell@gmail.com
504689,mark79@gmail.com
806539,lewisdarrell@gmail.com
699298,unolan@yahoo.com
534346,bsmith@williams-jones.com
821497,eharvey@becker.org
727995,kimlisa@hawkins.com
588749,michael62@yahoo.com
862673,bobby27@taylor.com
697649,briansmith@cummings-santiago.com
736074,aaronwhite@perez.info
867156,frankmiller@hotmail.com
786786,craymond@cameron-khan.com
780233,andersongabrielle@ruiz.com
576405,lisaconway@hotmail.com
836021,cindy68@hotmail.com
657286,rebecca65@hotmail.com
646782,ehendricks@yahoo.com
895918,bellmichael@hotmail.com
522245,francochristopher@gilmore-green.com
829862,mcintoshangela@gmail.com
781865,xfrazier@yahoo.com
612863,yandersen@hotmail.com
738126,fullertiffany@hotmail.com
584685,dyerjames@yahoo.com
771839,patrickjones@hooper.com
594294,coxkeith@yahoo.com
773937,bernard77@gmail.com
687883,fjennings@green.net
568638,dgibson@boyd.org
666267,vlewis@bentley.com
848453,kwilliamson@gmail.com
861258,porterrichard@boyd.org
681949,mckeedanielle@gmail.com
747461,joanna63@wright-flores.info
576353,moorejessica@carter.com
657260,jeffreyellis@yahoo.com
719852,rebeccafry@garza.com
512336,krodriguez@smith.com
845125,fharris@yahoo.com
607600,danieljackie@hotmail.com
593910,umccoy@aguirre.org
600142,tinagomez@diaz.org
661334,ylindsey@stafford.com
577205,iduran@gmail.com
738167,jefferyescobar@clark.com
849203,lmedina@gmail.com
595056,hallcatherine@gmail.com
648211,ujacobson@yahoo.com
588755,bgilmore@gmail.com
667294,hroman@paul.info
555845,nixonsusan@yahoo.com
874561,ahall@gmail.com
735966,milleredward@mccarthy-rowland.org
851909,charles93@simon.com
516890,haleythompson@johnson.com
718025,gadams@yahoo.com
680034,robertwaters@gmail.com
829462,sanchezmichelle@kerr-smith.com
764106,nwilliams@hotmail.com
542677,gmartinez@hill-little.org
651894,ycline@yahoo.com
753281,timothymiles@yahoo.com
545256,cervantestammy@zamora-holder.org
891414,zbrady@stewart-martinez.info
609263,brownfelicia@williams-fisher.com
708546,garrett77@hotmail.com
743378,jessicareed@hotmail.com
739825,wcombs@jones.com
519347,valerie05@ford.org
855276,madisonnelson@nolan.com
638573,gfoster@poole-roth.com
845664,cheryl58@mitchell.com
699361,jenniferdowns@thomas.com
709117,ronald11@yahoo.com
540058,alvaradoheather@yahoo.com
894389,wclarke@hotmail.com
754367,stephen55@hunt-evans.org
892538,james47@riddle.com
556456,dustinprice@gmail.com
768986,irivera@thompson.net
813457,joe43@yahoo.com
748531,burkepamela@mckinney-lynch.com
887234,shelby59@watson.net
873020,walvarado@gmail.com
656040,meltonjason@williams-bird.com
825115,wrighteugene@rodriguez-allen.com
878200,pali@yahoo.com
888396,hlee@potter.org
776731,samuel80@yahoo.com
592574,ureyes@castaneda.com
853262,lisadavis@hotmail.com
677790,swhite@duncan-banks.net
534619,brandtcourtney@yahoo.com
576744,wstevens@gmail.com
797017,jonesbrandon@hale.com
602942,chamilton@harper.com
879466,zperkins@hotmail.com
823585,lambertchristina@yahoo.com
638729,jeffreyfranco@tanner-johnson.com
777920,coffeylatoya@gilbert.com
662777,david45@rivera.com
899445,devon72@park-walls.biz
755800,ugutierrez@wiley-thompson.info
645623,thall@ellis.com
570805,ljacobson@moss.biz
806339,robertdurham@thompson-schultz.com
724102,garciaanthony@yahoo.com
546846,psweeney@thompson.com
538795,ssalazar@gmail.com
613228,kimberly65@gmail.com
806507,john58@newman-mccarthy.org
506287,bradymiller@hotmail.com
800944,melissa44@yahoo.com
647360,justinyoung@wise-lee.com
605140,ericksonchristopher@moore.net
722982,terrancebennett@yahoo.com
552088,miranda61@yahoo.com
744789,kellyjohnson@dunlap.com
655755,underwoodjerry@gmail.com
594884,elizabeth08@hotmail.com
660354,zbrady@werner.net
809422,xsmith@hotmail.com
518372,ikrueger@gmail.com
594846,edwardvazquez@clay.info
782502,cmahoney@gmail.com
591226,sherryspencer@singleton.net
569882,vmcdonald@mcclain-drake.com
887557,courtneyandrews@brown.org
774716,danielle73@edwards.com
625291,dickersonmichael@woodward.info
775345,nichole36@navarro-fernandez.com
557912,kaylaclark@wade.com
724664,jsnyder@yahoo.com
889953,robertquinn@collins.com
764750,johnwilliams@yahoo.com
624978,lori50@yahoo.com
543970,martinezjames@watson.biz
795310,qedwards@hernandez.org
818854,pamela69@hotmail.com
576060,travisjones@cook.com
558139,ztaylor@brown.com
813087,gsandoval@miller.com
558619,lopezchristopher@goodwin.biz
829547,munozemma@miller.com
761709,smithveronica@yahoo.com
741617,riverastephanie@duffy.net
510899,marquezmelissa@gmail.com
674269,thomassherry@garcia-williams.com
517829,vwalsh@torres.org
584973,washingtonjoseph@hotmail.com
884526,michaelellis@miller.biz
751618,melissa44@becker.com
658969,joseph69@guzman.org
560314,deckerbernard@yahoo.com
610554,regina05@gmail.com
790896,jasonkeller@hotmail.com
635375,uhess@yahoo.com
714882,xbenson@johnson.net
782087,whitneyjohn@vincent-collier.com
703994,brookssarah@harrison.com
701833,rodriguezkyle@clark-ramos.biz
511122,criddle@mitchell.com
864995,jasonwells@combs-smith.com
810370,wrightmichael@wilson.com
736935,allisondavis@gmail.com
745090,christophergalvan@torres-mcgee.org
867022,stephaniechambers@hotmail.com
696446,davidlewis@gmail.com
818656,jbrown@hotmail.com
768124,martinezgabrielle@hotmail.com
789538,sharon47@martin.com
644532,frenchjonathan@harris-carroll.com
679149,hallkelly@gmail.com
532859,loganponce@smith.com
735345,lross@freeman-barr.com
527338,vjohnson@mckenzie-reynolds.com
636571,tlane@christian.net
740207,oconnorricky@hotmail.com
793672,shelby59@yahoo.com
601758,reeseconnor@yahoo.com
785107,peterdixon@mata.net
687735,claudiaphillips@hotmail.com
769428,dmurray@hotmail.com
692792,wilsonheather@bennett-ward.com
544178,tranjacob@romero.info
763821,michaelknight@meyer-russo.com
677636,johnsonleroy@myers.com
622190,cody43@juarez.com
551784,michaelriley@murphy.com
630803,annfoley@miller-barrett.com
693805,krista56@gmail.com
784532,kathleen71@norris.net
853117,alvareztraci@phillips-brown.net
566762,adam05@vazquez.com
577592,cruzrobert@bond-smith.com
512489,reedchristian@burke-mcdonald.com
632447,marcus63@yahoo.com
767998,debra55@yahoo.com
679609,nicole12@hotmail.com
847435,zachary56@rodriguez.com
593190,angelapatterson@jennings-mccarthy.com
773382,deborahshannon@hotmail.com
594097,fnelson@yahoo.com
611992,mackenzieflynn@hudson-key.com
677225,anita61@welch.biz
730821,sharonparker@koch.net
867574,stephendavis@yahoo.com
744973,ucolon@gmail.com
686030,logan60@woods-collins.com
596837,tylerjennifer@page-davis.biz
883834,carolbutler@gmail.com
752336,teresabeck@hotmail.com
514703,kennethalvarez@nixon-walker.com
736819,diazmichael@patterson-holder.com
528375,qdavis@davis.com
668959,carrtravis@ball-figueroa.com
742715,popesavannah@gmail.com
764526,alexandrawhitney@gmail.com
589972,duffywilliam@flynn-mclaughlin.com
767563,wlittle@hotmail.com
718005,frankharris@gaines.info
765289,vrichard@erickson.com
708719,michaeljenkins@hotmail.com
575661,kimberly35@hotmail.com
548530,smithtyler@gmail.com
874935,melissa13@yahoo.com
614031,carterjason@davidson.org
550946,jonwilson@ramirez.com
847083,angelamurphy@hotmail.com
633233,patrickwilliams@morris.com
771074,ibonilla@yahoo.com
645314,ericksonmelissa@hotmail.com
680363,wendycook@sanchez.biz
719803,pamela36@york-rice.com
539034,bassedward@hotmail.com
702196,xsimpson@yahoo.com
838897,laura57@hotmail.com
830461,carrieschultz@yahoo.com
777422,andersonkevin@alvarez.com
552371,williamsamber@gmail.com
610732,brookebell@wilson.com
821241,monica18@hotmail.com
511821,laurensalazar@taylor-hartman.biz
777055,scottperry@hotmail.com
810726,jsmith@gmail.com
592295,yflores@ortiz.com
803459,cohenmichael@hotmail.com
615606,dillon34@gmail.com
550987,bradleyshort@yahoo.com
767800,wrightmargaret@martin-poole.com
563822,tmiller@villegas.com
774923,rrichardson@campbell.org
779899,andrewfowler@welch.info
752636,uandrews@black-carlson.com
824949,anne06@gmail.com
548543,zdominguez@martin-wells.com
829972,amy43@torres.info
661983,anthonymorse@gmail.com
691985,bhahn@martin.com
583660,dward@brewer.info
514519,katiewoods@ortiz.com
505611,michellejones@gmail.com
512252,michelle27@yahoo.com
520033,becky07@hotmail.com
795830,elizabethmaxwell@ramirez.org
771445,whiteheadashley@valenzuela-green.biz
857567,nsmith@hall.net
600068,qjordan@gmail.com
689866,youngeric@martinez.info
516025,woodmatthew@gmail.com
843710,walshsamantha@fowler-miller.com
728689,catherine15@diaz.com
834151,mollyweeks@yahoo.com
775724,william61@rivera-foley.com
751928,gilljennifer@jones.info
848873,ufields@roberts-marks.com
694825,tammy45@hotmail.com
797357,stephaniebrown@church-moore.com
870769,ymoss@morris.biz
806501,janet65@gmail.com
643837,derekburns@gmail.com
672258,isaiah81@yahoo.com
746133,sclark@prince-rogers.com
743736,thomasmary@graves.org
767326,bauerkevin@yahoo.com
884958,griffinbrent@schroeder-hernandez.com
818777,montgomerythomas@hall-allen.com
870890,wagnerphillip@kirby.org
626205,rebeccabaird@nelson.com
894413,jhoward@hotmail.com
585976,bbrown@beard.com
776541,brianstewart@robinson.com
672681,elizabeth66@yahoo.com
690025,efigueroa@moreno.com
817026,kellysmith@miller-werner.com
589961,masondeborah@smith.com
732713,huntamy@vega.com
776931,guybarnes@hotmail.com
827624,edwardstara@johnson-wood.com
875154,uperez@miller.com
777016,lopezbetty@gmail.com
641778,eerickson@brown.com
845025,danny05@smith-park.com
742404,bhanna@gmail.com
640219,joe07@lee.com
803372,cassie80@owen.org
812273,crystal37@dawson.biz
571828,lopezdaniel@yahoo.com
838783,kbrown@hotmail.com
820052,morganraymond@yahoo.com
843655,nicholas50@hotmail.com
706040,vmckinney@hotmail.com
847158,kelly33@peters.biz
875754,danielhancock@hotmail.com
554934,michellefernandez@yahoo.com
564025,danielfitzgerald@dawson.biz
604089,george18@gmail.com
600760,richardsondustin@gmail.com
756689,qdelgado@yahoo.com
586064,ericjimenez@evans.com
681360,natalie12@hotmail.com
570197,rebecca09@hotmail.com
546580,smithlaurie@hotmail.com
534526,brucenewman@mccoy.com
697687,matthew33@yahoo.com
837062,samuelcole@hotmail.com
573640,hollypadilla@yahoo.com
701745,ojones@brown-campbell.com
765876,masseybruce@cole-serrano.com
630194,gstrong@harrington.net
564965,moralesdouglas@gmail.com
796368,johnellison@yahoo.com
514052,patricia27@hotmail.com
863373,halljennifer@frank.biz
711069,jamiesmith@anderson-robinson.com
830288,udavila@yahoo.com
524672,wdavis@garcia.com
869347,omurray@frazier.com
569184,karmstrong@yahoo.com
770348,kimberlykaiser@hotmail.com
518836,cohentonya@payne-sanders.com
831677,mmcguire@banks.com
731921,riveraryan@horne.com
840005,kennethsingh@mora.com
519003,nunezshannon@gmail.com
604156,johnsonrachel@yahoo.com
724958,waltersbrian@gmail.com
566037,williampatton@george.info
556679,theresajackson@montgomery-dawson.info
809470,garciacindy@smith.biz
502422,dwatson@yahoo.com
659476,jvaughn@gmail.com
733729,vryan@gmail.com
621001,potterlisa@martin.com
549085,etorres@freeman-powers.com
675728,kolson@lee.com
702143,sbrown@yahoo.com
645293,brentbrown@martin.org
586974,john30@johnson.com
809635,jackbarber@hotmail.com
730884,qmiller@martinez.biz
641135,gail76@esparza-le.com
701153,isaiah65@hill-walker.org
676167,annamunoz@gmail.com
876656,omar53@weber.net
602651,amy56@hotmail.com
727996,thomas89@gmail.com
540304,jeremy88@hotmail.com
758282,mbrooks@davenport.biz
623384,maryjohnson@gmail.com
660402,angela84@thompson-strong.com
542452,lisamatthews@thomas.info
774956,ahanson@white.net
557188,ryan25@yahoo.com
817271,ricky11@murray.com
650114,karenjordan@ruiz.com
708672,carolyngonzalez@hotmail.com
519507,annwells@saunders.biz
639430,wendy05@parker.com
762762,wheelerwillie@hotmail.com
823413,michaelmays@macias-lopez.com
533364,knightdavid@robinson-shaw.com
740123,mccoythomas@jones-foster.info
576500,lopezmelody@cannon.biz
552269,garciabrian@johnson.com
608250,michelle37@hotmail.com
667112,kennethjackson@jensen.org
629441,kelly10@mitchell-johnson.com
787622,ryan76@gonzalez.com
534288,robin56@gmail.com
591434,pgreen@valenzuela.com
523362,madisonpace@hotmail.com
815319,yleon@perry-hawkins.com
516423,edwardsrobin@krueger.org
537948,pthompson@hotmail.com
734455,zandrews@hotmail.com
595511,gregory41@taylor.org
768739,cmoore@martinez.com
759397,davisjason@gmail.com
633724,kelly48@yahoo.com
512851,elliskathy@yahoo.com
673557,tthomas@bailey.com
840062,adrian12@yahoo.com
740580,omcdaniel@hotmail.com
602029,marquezmatthew@yahoo.com
571308,gutierreztamara@yahoo.com
592890,emily89@hotmail.com
830250,goodmantiffany@gmail.com
503802,xanderson@yahoo.com
617174,derekdixon@hotmail.com
839925,zshelton@yahoo.com
505845,martinsnyder@williams-martinez.info
545575,shannon01@carson-peters.com
760660,scott04@gmail.com
804572,reginavelasquez@gmail.com
810503,swilliams@grant.info
636229,ashleyperez@ruiz-thomas.com
753818,josephmoody@yahoo.com
654259,johnkaiser@hotmail.com
723479,jacob10@mason-clark.com
785144,sandy49@perez-woodard.com
610279,maureen41@norris.com
869049,bmcdaniel@bender-collier.biz
613610,jennawilliams@howard-payne.info
631507,robertwilliams@simon.com
720294,bsmith@yahoo.com
552360,melanie32@brown.org
727323,allensmith@smith-williams.com
713906,denise67@white.net
595002,sara33@yahoo.com
639411,velezkaren@hotmail.com
809526,john58@gmail.com
769161,lynnluke@hotmail.com
598647,zbrown@gmail.com
732708,nbutler@jacobs.com
742611,danielle82@fowler-jones.com
651541,cscott@gmail.com
885599,melvinarnold@wright.com
891786,oparrish@rivera.biz
643767,joseph92@hotmail.com
583383,michelle65@yahoo.com
774399,brucekim@gmail.com
544452,thompsongary@gmail.com
862166,suarezchad@wright-joyce.org
574203,kelly68@gmail.com
598905,jessejoseph@gmail.com
642724,richardsoncolleen@yahoo.com
841339,ldiaz@hotmail.com
822065,ggilmore@yahoo.com
716015,freeves@rivera.com
672428,rjones@wilson-anderson.com
743964,clam@morgan.com
723902,ryan80@williams.com
847260,garciaashley@lopez.org
552018,joseph76@hotmail.com
869024,monicafox@yahoo.com
827575,mariarobinson@yahoo.com
775888,oliverdavid@gmail.com
647120,patrick79@daniels.org
836518,hoganjason@yahoo.com
644419,lholmes@yahoo.com
507789,millerrobin@gmail.com
837989,morganandrew@hotmail.com
701654,feliciabender@hotmail.com
736463,zacharyrodriguez@hotmail.com
735257,wsmith@heath.com
830659,kevinhunt@graham-day.com
753456,michael72@clayton.info
827658,charlesking@hotmail.com
868137,jamesmorgan@jones.com
733852,clarkrhonda@hotmail.com
628409,christopherrichardson@yahoo.com
822341,tnguyen@gmail.com
582232,thomascamacho@powell-simpson.info
698039,jesuswood@hotmail.com
543090,katherinebowman@ford.org
503404,michaelschaefer@hotmail.com
504057,michaelbarrera@rojas.net
713648,lambkristin@gmail.com
505582,nelsontravis@yahoo.com
505674,eric08@harris.info
690010,osoto@evans.com
791562,fcasey@martin.com
762260,xmorales@lopez.biz
592390,kelly98@hotmail.com
565599,megan24@gmail.com
759493,karendavidson@gmail.com
544826,ygibson@cox-wilcox.net
524704,jennifer72@hotmail.com
661739,natalie48@yahoo.com
665609,williamstimothy@gmail.com
898443,jerry53@king-greene.info
800838,hnicholson@horton-kelley.info
855566,stephaniemartinez@gmail.com
533266,angela48@yahoo.com
817930,michelle35@lucas-pace.org
759460,christopherwest@gmail.com
633572,wendyedwards@christensen.com
653493,jennifer67@hood-campos.com
590258,calvinshaffer@hotmail.com
882098,beth76@rose.org
762906,amandaparker@burton.com
806433,melanie38@boyle.org
516116,moracheryl@gmail.com
622136,tiffany90@sanchez-harris.net
794637,lindseyjoseph@hotmail.com
593036,xshea@kelly-preston.com
846704,hlang@livingston-wallace.net
587513,pmorris@yahoo.com
551226,richard20@parks.org
553772,gregoryflowers@gmail.com
858941,josephamber@walters.com
783023,jamesreynolds@yahoo.com
844367,crystalscott@yahoo.com
552035,lorrainetaylor@hotmail.com
511448,mckeechelsea@gonzalez.org
773603,thompsonjoel@hotmail.com
745298,susanjones@gmail.com
829055,alec63@yahoo.com
750308,xdoyle@williams.com
855921,hernandezfred@hotmail.com
690837,fwalters@yahoo.com
552753,kennedytimothy@yahoo.com
860907,ggarcia@miller.com
644288,megan51@marshall.com
711297,joanfranklin@yahoo.com
790634,matthew75@yahoo.com
875676,jeremiahrichardson@aguirre.info
510684,christopher72@hotmail.com
830796,jenny78@yahoo.com
794186,jimenezpatrick@yahoo.com
639386,tamara64@schmidt.net
754697,dhanna@jones.info
852528,hjohnson@hotmail.com
731177,oconnormichael@hotmail.com
501593,victor71@allen.org
579445,caleb42@underwood-graves.net
536728,cmoore@yahoo.com
678459,ronaldwhite@hotmail.com
755975,steven56@ross-davis.com
534277,baileymaria@yahoo.com
890038,mataandrew@hotmail.com
851860,reeseherbert@davis.com
749157,mcampbell@knight.com
637121,kennethpowell@hotmail.com
683481,johnsjoshua@yahoo.com
664341,lisablack@yahoo.com
818324,bjones@martin-chambers.com
515009,travis89@arroyo.com
817027,flemingmonica@gmail.com
631507,pevans@hotmail.com
584096,joneskathryn@cooley.com
633242,amy24@gmail.com
740981,ghobbs@gmail.com
775984,yturner@butler.com
871139,jill60@munoz.com
809039,jasminenavarro@wilson-clark.com
524945,lreid@rivas-hayes.net
665246,klarson@johnson-lynch.net
566510,nicholas48@yahoo.com
652949,keithsmith@hotmail.com
777217,josephmiller@guerra-hogan.com
724221,michaelahiggins@gmail.com
631583,george65@stewart.net
849625,thompsonheather@gmail.com
781071,rdominguez@hotmail.com
853133,gbrown@yahoo.com
504703,gthompson@hotmail.com
603895,robert94@hotmail.com
763207,scottjames@yahoo.com
681005,brettcampbell@hotmail.com
648526,austin52@yahoo.com
773602,derekbuckley@walker.biz
545210,julie31@yahoo.com
735343,dmccann@gmail.com
613934,masonmichele@gmail.com
672642,ttran@garcia.net
811895,xgiles@gmail.com
779013,jesselopez@gmail.com
517135,lauramiller@gmail.com
660059,margaretbowers@hotmail.com
836338,nicole66@hotmail.com
838560,jrussell@morgan.com
649035,rhondajones@monroe.info
758408,ssmith@yahoo.com
839744,mmay@king.com
524573,melissaquinn@gomez.com
665429,bodom@gmail.com
757022,xnicholson@yahoo.com
899306,youngkevin@costa.com
707751,kellibaker@hotmail.com
625480,michelle90@yahoo.com
877210,daltonbryan@yahoo.com
667333,dodsonglen@shaw.com
762561,ylawrence@yahoo.com
850347,mayokimberly@gmail.com
864619,nsmith@yahoo.com
662109,uvillarreal@hotmail.com
780854,davisdavid@henderson.com
576648,sandrakennedy@gmail.com
589370,mklein@robinson.info
674660,timothy21@thompson-schmidt.com
874891,oprice@yahoo.com
547684,jonessamantha@yahoo.com
547381,shawncurry@gmail.com
765645,jhunt@yahoo.com
589487,lucas52@lewis-murphy.biz
583626,florescatherine@yahoo.com
833455,danielcarter@hotmail.com
859651,fordemily@gmail.com
685011,webstermichelle@gmail.com
667212,tara77@gmail.com
792211,spencer09@yahoo.com
600469,wprince@velasquez-patel.net
827850,phillipsbruce@davis.com
547644,juliebaker@gmail.com
742011,ycox@hill-lawson.org
782918,shahbrandon@yahoo.com
531291,bianca89@lawrence-williams.com
758478,uferrell@gmail.com
869608,thomas42@haney.com
818141,russellsarah@donovan.net
736470,icombs@gmail.com
841173,kelly72@wilson-irwin.com
679786,yorr@lee.com
825996,alexis74@peterson-martin.org
749797,susanwarner@jackson.com
565689,vbailey@hawkins.com
525931,clarkmichelle@jensen.com
561224,arellanochristopher@yahoo.com
806585,gonzaleztodd@yahoo.com
731633,richard67@hotmail.com
503888,michaela37@randall.biz
768367,mnewton@hotmail.com
542481,amber88@hotmail.com
816324,melanieadams@flynn-price.com
862821,patrick89@cooper.com
781099,vbernard@yahoo.com
765937,taylorlogan@murphy-may.com
853412,douglas68@smith.com
698818,emilykeller@kelly-sullivan.net
568533,smithaustin@sanchez.biz
546095,castronicole@gmail.com
719263,michelle06@yahoo.com
815377,jennifermarsh@hotmail.com
849593,sharontucker@gmail.com
742809,pnguyen@hotmail.com
522048,browndavid@martinez.biz
719690,glenn54@gmail.com
547007,fowlersherry@anderson.org
598551,dlopez@yahoo.com
534765,laura41@lindsey.com
637347,sullivanstephanie@livingston.net
570463,adamskara@hodges.com
702171,abarry@hotmail.com
692573,markfoster@robinson.com
672503,brownkrista@yahoo.com
833706,brandon22@lopez.com
854709,ffuller@hotmail.com
804900,hartcarolyn@richmond-anderson.info
842693,robertmarks@edwards.info
600977,amber39@wagner.org
643749,nschroeder@yahoo.com
658162,edwin11@yahoo.com
801787,usmith@yahoo.com
820807,uallen@gmail.com
798270,amy79@davenport-adams.biz
854775,blakethomas@davis.com
736053,rebeccacarey@gill.org
617716,steven08@hughes.com
500871,cruzsamantha@summers.com
633657,rmartinez@gmail.com
741296,jorgemay@smith.org
741722,romeroshannon@hotmail.com
867416,greenmelissa@gmail.com
884241,amanda43@casey-richardson.net
588466,gordoneric@hotmail.com
546678,john56@yahoo.com
784154,smithmarissa@wilson.com
739059,christopherkramer@jensen-garner.com
538386,kirbybonnie@yahoo.com
630982,kimberly21@franklin.net
565828,haley62@collins.com
695174,qmayo@houston.com
688292,andrewmunoz@yahoo.com
534353,ann80@hayden.info
521068,brian21@rasmussen.com
884741,jennifermcintyre@price.biz
643080,juliethomas@yahoo.com
678684,nguyenwanda@robinson.info
669267,jenkinsrick@hotmail.com
607186,eugenecoleman@collins.com
690870,opeterson@yahoo.com
516896,johnsonlogan@yahoo.com
737721,christinawang@gmail.com
857186,james00@hotmail.com
892887,timothy58@gmail.com
647887,melissa34@gmail.com
570047,desireewilliams@haas-summers.org
504376,ljohnson@matthews-sanders.com
665581,amylewis@hotmail.com
897544,gsullivan@yahoo.com
641333,briansolis@yahoo.com
653532,rodriguezmorgan@yahoo.com
646418,zturner@adams-flores.com
721053,donaldbrooks@gmail.com
644094,tashamurillo@hotmail.com
533083,qwhite@yahoo.com
585327,brookefleming@ruiz-monroe.biz
849013,davisjanet@smith.info
636565,yday@hotmail.com
565459,cwyatt@yahoo.com
826461,lisa69@hotmail.com
830509,michaelpena@yahoo.com
797677,holly12@vasquez.net
786898,eric78@wang-carpenter.com
703120,tglenn@wolf-rogers.com
758993,chavezcharles@friedman.info
754097,aliciawelch@harrington.com
789849,timothy08@gmail.com
534998,robert61@johns-little.org
807343,hernandezmeghan@hotmail.com
864209,armstrongbrianna@yahoo.com
750040,tonya63@snow.info
720949,hancocklynn@scott.com
731556,richardhardy@yahoo.com
692967,jeanette27@leon-reid.com
839586,kwalker@yahoo.com
547431,jenniferking@wolf.com
629204,beckryan@mitchell-foster.info
723398,weissmelissa@carter-jenkins.com
627781,kathy01@levy.net
650221,jennifer30@cannon.com
727444,tiffany91@bell.com
658019,clarkbenjamin@reynolds-lewis.com
563781,ethannguyen@white.org
687852,amy09@hotmail.com
502367,qbennett@diaz.info
852101,xfowler@fox.com
760325,vyoung@hotmail.com
540165,figueroamichael@gmail.com
757523,thomas79@kidd.org
500011,michael99@yahoo.com
500985,jennifer98@hotmail.com
526358,reedtodd@patton.com
712374,reedangelica@walker-martin.com
886035,aprilwells@lopez.info
783452,bridget86@hill-lopez.net
568189,ulewis@gmail.com
623251,maryfleming@hotmail.com
705663,pjohnson@hotmail.com
612110,crichardson@zimmerman.net
739297,chapmanvanessa@soto.com
624833,candice53@patrick.info
626033,bradytammy@collins.com
673168,gallagheradam@ellis.com
696319,coryray@blake.com
721856,scollins@hotmail.com
574939,tony78@gmail.com
811873,lhood@hotmail.com
698845,griffinelizabeth@yahoo.com
644919,ejordan@gates-jones.info
863803,kimberly65@gmail.com
875367,perrydebbie@yahoo.com
807974,hulladam@gmail.com
856004,oconley@yahoo.com
678872,djames@hotmail.com
806708,mccarthyalexandra@willis-taylor.org
896397,phyllisrice@hotmail.com
644273,imullins@simpson.com
587036,michelle75@hotmail.com
844459,weberbrianna@hotmail.com
618727,cody02@gray-ingram.com
627646,michael02@smith-johnson.info
684799,walter76@kelly-franco.org
763627,angela51@yahoo.com
811630,xbrown@gmail.com
556385,bondethan@yahoo.com
522155,ehenry@smith-brown.com
549722,qwoods@gmail.com
758995,herreradylan@carlson.org
717272,jasonrandolph@gmail.com
669499,alec84@yahoo.com
884577,derrickwilliams@yahoo.com
570178,isabel65@singh.com
582787,obaird@west.org
633717,troyross@gardner.com
656162,changzachary@yahoo.com
737092,cbryant@mccarthy.com
653956,smithkirk@hotmail.com
714059,cmitchell@hotmail.com
878564,boothseth@donovan.com
877458,crystal29@hotmail.com
652840,sara40@gmail.com
794740,cchang@yahoo.com
829256,ipowell@hotmail.com
592661,whitesharon@scott.com
698086,melissacruz@reilly.com
567147,robin24@schmidt.info
577447,tanyaspears@yahoo.com
769369,dana66@gmail.com
548533,ronnieedwards@robinson.com
593379,uhardin@yahoo.com
655760,guerrajacqueline@robinson.com
860095,brianponce@robertson-mcdonald.com
565993,tturner@peck.org
802409,roger10@sims.net
871209,batesmark@richards.com
524718,yrodgers@clark.com
794545,joshua77@gmail.com
671840,gbrooks@smith.org
637191,kleintaylor@yahoo.com
727748,joshua10@gay.com
653018,holson@robinson.biz
818346,rjordan@hotmail.com
515000,ryan74@hicks-nguyen.info
517568,singhronnie@yahoo.com
600741,fjohnston@aguilar.org
849157,holly78@gmail.com
899794,ecarrillo@hotmail.com
869401,robert94@gilbert.com
830694,vtorres@riley-goodwin.biz
585311,rebeccayoung@johnston.com
507431,faithhall@hotmail.com
547590,courtney32@yahoo.com
599223,jasonkerr@gmail.com
815443,williamsryan@sandoval.com
679747,cchurch@hotmail.com
640631,shannon55@gmail.com
695284,amanda84@parks-long.com
824330,troy73@hotmail.com
566985,dwayne48@perez-robinson.com
740533,david32@martinez.com
747514,ovargas@hurst.org
577220,singhjimmy@wright.net
744999,lee65@yahoo.com
759073,cward@hotmail.com
647787,taylor56@gmail.com
610676,karenbrady@fields.com
509419,latasha54@phillips.info
560106,djohnston@hubbard.com
577968,rodneyalvarez@hotmail.com
850553,rogersstacy@newman.com
625327,anita87@cooper.com
718488,jerry50@gmail.com
547023,kperkins@yahoo.com
844824,johncole@yahoo.com
556885,sblack@hotmail.com
721100,dpeterson@fox.com
638070,uaguirre@hotmail.com
554543,victor72@wilson.com
555090,david44@gmail.com
717511,valdezmichelle@gmail.com
764171,esparzaanna@yahoo.com
715679,jenniferstephens@yahoo.com
765461,carterbobby@giles-walsh.com
515111,savila@yahoo.com
776923,pharris@gmail.com
850893,noahvaughan@yahoo.com
588762,jenniferwaters@davis-wong.net
656970,snyderjennifer@yahoo.com
752652,shannon26@hurst.com
845252,brownleslie@gmail.com
868570,tonya96@martinez-gilbert.org
574905,cookjoseph@woods.net
837736,patrick11@hotmail.com
706684,odouglas@pope-peters.biz
769668,lesliewilliams@boyle.com
583271,blanchardcarlos@hotmail.com
586117,paynenicholas@mendoza.com
798464,danielgreen@lopez.com
886333,coxjessica@hotmail.com
781696,ymoses@walker-smith.biz
578533,elizabethward@yahoo.com
766843,eburke@chan-kent.com
752914,tammyhunt@hotmail.com
743350,maria80@yahoo.com
810021,wgarza@hotmail.com
770799,hollycoleman@johnson.com
586756,timothymorgan@potter.com
733148,tyler38@yahoo.com
659938,camachogabriela@yahoo.com
513934,wilsonjeffrey@yahoo.com
584358,rodriguezcandice@massey-miller.org
634949,pcopeland@hotmail.com
826980,lisathornton@hughes-hooper.com
872253,williamsstephen@johnson-harrison.com
640211,ysimon@smith.com
742955,amber84@randolph.info
697978,april16@gmail.com
681625,sadams@hotmail.com
793035,murphydavid@yahoo.com
856280,christophergoodman@ford.org
835391,hinesjerome@randall-bailey.com
862693,ramseyjennifer@blackwell.com
773758,robert65@hancock-smith.com
822070,maurice09@valentine.biz
606982,rodriguezkatherine@walker.org
756373,allisonedwards@anderson.net
608341,anna63@gmail.com
553816,josephhopkins@johnson-nichols.com
534059,browndavid@hodge.com
770493,claytonvictor@yahoo.com
700079,dleon@gmail.com
674634,pollardmonica@hotmail.com
732000,gregory15@yahoo.com
632372,hbailey@watson.com
782988,mcohen@ferguson.com
895588,williamshannah@arnold.com
673082,odonnellkristen@gmail.com
636262,daniel53@haas.com
891658,thomas87@gmail.com
547190,ramirezdouglas@yahoo.com
775645,jacob46@gmail.com
723092,roy29@yahoo.com
852723,jonesdouglas@yahoo.com
743948,michael44@hunter-robinson.com
571054,gabriel23@werner-perry.com
551439,ochoajonathan@yahoo.com
585782,howellmark@yahoo.com
829560,mperez@mercer-griffin.biz
775039,oconnorsteven@gmail.com
711484,ashleyshields@hotmail.com
845358,julia36@hotmail.com
711243,ritterkatherine@gmail.com
878210,spencerjohnson@frazier-baker.info
512977,powellchelsey@henderson.org
817577,michaelking@mayer.com
885052,kimberlyanderson@yahoo.com
854395,angela11@gmail.com
732670,patrick05@hotmail.com
693844,fernando31@hotmail.com
768404,melissabowman@yahoo.com
604517,cnielsen@brooks.com
509557,nancy71@hotmail.com
895879,jason27@key.com
897560,terri92@yahoo.com
879019,tylerschmidt@walls.net
563763,hendricksdonald@hotmail.com
877166,jeremiahflores@yahoo.com
695746,lopeztodd@gmail.com
819285,andreamoreno@joyce-torres.org
619034,robert98@hotmail.com
635026,youngamy@graham.com
817567,mark35@yahoo.com
558994,karenwhite@gonzalez.com
629045,robert87@smith.com
506094,qaguilar@gmail.com
852843,christopher24@becker.com
790569,jennifer88@yahoo.com
775792,jennifer83@gmail.com
559587,hoffmanpatrick@shaw-orr.net
895861,joshua08@bruce.com
642108,carmendrake@gmail.com
624177,gparker@wells-jackson.net
859064,morganjessica@brooks-fuller.biz
649553,jpage@rhodes.com
511355,walshkatie@stark.com
754320,tranmichael@yahoo.com
884750,jamessmith@ross.com
587461,mariacraig@richmond-nguyen.com
544042,smithelizabeth@barber-winters.com
726933,jonesbenjamin@hotmail.com
735065,meganduke@yahoo.com
766794,dickersonandrea@gmail.com
788060,ygarcia@reyes-frazier.com
706027,joshuamcgrath@gmail.com
522629,chrisadams@hotmail.com
880732,jharmon@hotmail.com
637575,rsmith@wright.com
828006,andrew67@yahoo.com
503737,richardsullivan@hotmail.com
672741,wrightrichard@baxter.com
703786,halemichael@yahoo.com
546852,melissa15@gmail.com
609399,jason16@yahoo.com
541021,cassandra82@salinas.com
762911,kmiller@gmail.com
695520,cnorman@ramirez.net
858270,amy27@peterson.biz
793887,michael74@hotmail.com
666342,michael26@morales.com
715711,randolphjessica@choi.info
891809,roberthickman@gmail.com
545810,joseph14@ellison-johnson.com
685118,meganfoster@hotmail.com
759088,angelaperez@gmail.com
637687,greg72@campbell.com
565217,wagnerallison@wells.biz
649971,normawilliams@yahoo.com
835247,ibell@yahoo.com
674449,wedwards@hotmail.com
714042,andrearamirez@lewis.com
655662,emily33@nelson.com
636301,jaguilar@gmail.com
606464,osbornejoseph@knight.biz
724100,aherrera@hotmail.com
696207,hzavala@yahoo.com
888268,jo93@hill.com
538515,monica45@quinn.net
635621,tristanwagner@hernandez.com
691502,obell@gmail.com
876406,vickisims@graham.com
526508,michael63@hudson.net
606879,ypowell@morse.biz
547844,kennethscott@gmail.com
503138,dbarnes@soto-wilson.info
797356,dyerstephanie@ray.com
518088,shawnpena@gmail.com
746092,jerrybeck@rivera.net
890308,zyang@yahoo.com
660937,martinvictor@hotmail.com
525934,shelbyknox@gmail.com
530027,lyonsstacy@stark.com
512824,anita02@gmail.com
604632,bwilliams@sanders.com
739469,jmoreno@gmail.com
678965,pmoody@yahoo.com
526573,xpatel@crawford.com
517192,sara91@harper.com
753668,belltristan@morrow.com
805736,udavid@gmail.com
727002,davisrenee@marsh.com
846366,chelseathompson@hotmail.com
722127,zavalaadrian@hotmail.com
607075,aaron70@yahoo.com
665365,smithalyssa@morales.org
645768,harperjames@yahoo.com
578312,carlyholmes@gmail.com
521088,levijones@woods-benson.com
672497,julie25@gmail.com
735597,conleymatthew@anderson.com
800460,burtonrobert@frey.com
810888,nancycruz@smith-parsons.com
751112,eguerrero@cannon.net
531833,sextonjoshua@gmail.com
847733,spencerhill@gmail.com
613829,jbenjamin@diaz.info
643444,natasha59@hall.com
630343,cody77@jenkins.com
721565,thompsonvalerie@patterson.com
532541,steve08@velasquez-conrad.com
591152,erichamilton@tran.biz
768103,robert48@hotmail.com
780119,meganrichards@gmail.com
837807,wmiller@yahoo.com
575277,gflynn@yahoo.com
805274,gconley@hotmail.com
898071,chambersjoshua@hotmail.com
783529,jeremiah30@hotmail.com
775311,tiffanysullivan@davis-lewis.net
807546,farmerchristina@gmail.com
748581,ftaylor@anderson-fuller.com
677145,bhughes@gmail.com
895076,kara81@gmail.com
800030,christine84@hotmail.com
856847,ashleybridges@mcgee-mills.com
755575,lwalton@hotmail.com
631770,dyertabitha@wiley-watkins.com
653690,ple@ali.com
527728,rarmstrong@carter-foster.com
628589,melissathornton@mueller-gonzales.org
569618,fernandezelizabeth@robertson-hall.biz
603247,hensontimothy@gmail.com
827861,jenniferfrazier@ford.com
744185,vincentjasmine@hill-harris.info
768017,laurapetersen@mcdonald-jones.biz
563036,billylewis@gmail.com
602713,bowmanjennifer@gmail.com
689755,melodyjimenez@yahoo.com
694469,fbuchanan@yahoo.com
501509,rlarsen@yahoo.com
621544,cohenmanuel@pittman.info
813535,michaellynn@yahoo.com
736019,meredithjames@gmail.com
680297,msanchez@munoz-young.com
660657,jacobjoseph@gmail.com
627221,jdiaz@thompson.biz
522324,wreilly@lawrence-garcia.com
745560,susan23@hall.net
593923,wintersleslie@yahoo.com
757171,chad99@thomas.info
629609,james08@williams.com
659405,johnwashington@hotmail.com
796284,hannahnguyen@hayes.com
891666,robinmendoza@lyons.com
880277,karen23@johnson.com
544788,stephanieevans@wright-reed.com
813644,amarsh@yahoo.com
524952,garyfrazier@wise.biz
549001,moniquesullivan@beck.biz
793740,lgibson@hunt-mitchell.biz
826251,oscarbruce@davis-jones.com
655383,jessicaallen@gmail.com
707014,dlloyd@yahoo.com
682376,awalker@hotmail.com
794653,nicole79@yahoo.com
511904,patriciaholden@martinez.com
823092,ashleepreston@gmail.com
737539,jennifermercer@faulkner.net
756739,rebeccagregory@gmail.com
899263,kimandrew@giles.com
747045,jacob67@espinoza.com
832212,james24@hotmail.com
594215,kellyewing@howell.biz
838042,kenneth93@reese-knight.com
526511,cmccoy@jones-oconnor.biz
642656,james29@hicks.com
667221,josephthornton@townsend.com
503322,thomasjoanne@jones.com
631324,angelagoodman@reynolds.com
649946,lmcmahon@padilla.com
778952,joneshector@lindsey.com
720237,samanthafisher@watkins.com
680041,telliott@hotmail.com
839893,ronald38@richardson-thompson.com
639004,qhicks@brown-cummings.com
700939,gcurry@hall.com
712619,leestacy@hotmail.com
604868,jack82@gmail.com
719470,jrobinson@gmail.com
699782,nancy76@gmail.com
575627,michael67@hotmail.com
891683,shannon15@williams-keller.info
813102,brandon39@yahoo.com
674271,isabella23@mitchell.biz
574920,williamseric@yahoo.com
552190,nchurch@mcguire.com
737616,mjohnson@davis-davis.org
725209,kingmiranda@gmail.com
779233,jeffrey36@hotmail.com
638029,frankmichael@baird.biz
693133,fmartin@dickson.org
868222,monique03@reese.com
889906,amathews@lawrence.biz
659593,ijones@may-clark.biz
566396,jordanjones@jackson-hansen.net
567899,gwalker@young.com
808109,klopez@martin-lane.com
654059,melissawatson@gmail.com
746639,pamelawells@rodriguez.biz
539955,john08@wilson.com
677603,ntucker@walker.com
501777,luis79@scott.org
740117,watsonjames@yahoo.com
506032,martindarlene@gmail.com
504961,walshcourtney@combs-suarez.com
803569,kluna@mendez-orozco.com
666500,diane07@cisneros-harris.com
785247,paul25@gmail.com
835112,fullererin@gmail.com
772388,jessica70@yahoo.com
601304,gonzalezbrian@carpenter.com
540059,valerie33@anderson.info
865828,steven11@williams.info
857716,jamescain@hotmail.com
792026,davisjames@yahoo.com
542714,robrien@gmail.com
627435,erinkaufman@hotmail.com
515864,frichards@gmail.com
516274,robert50@dennis.com
820134,floresmatthew@hotmail.com
722430,williamssamuel@hotmail.com
806058,john18@gmail.com
736316,kellyjohn@moore.info
788885,riosdavid@miller.net
702325,vking@kidd-baker.com
771133,kbailey@avila.biz
631987,turnerjoshua@smith-martin.org
847711,andrew68@hotmail.com
773794,rothheather@dodson.com
521430,kathleen29@gmail.com
879210,thomasdunn@aguirre.com
501208,benjamin14@gmail.com
830417,adamsvanessa@hotmail.com
778024,kathleen60@yahoo.com
758163,annefoley@cook.info
829573,ymunoz@hotmail.com
542522,fergusontammy@gmail.com
784720,wgardner@hotmail.com
603199,torresveronica@yahoo.com
527598,fowleramanda@yahoo.com
849341,chavezisabella@yahoo.com
565642,terrili@king-faulkner.net
652203,alexis10@gmail.com
505628,johnsonanthony@hotmail.com
759089,gonzalezmarc@hotmail.com
764084,amymiller@hotmail.com
666092,amy71@lewis.com
701325,joe75@bennett-williams.info
894554,mendezjohnny@krueger-wiley.biz
610242,thomasshaw@jones.biz
527130,michael22@gmail.com
895337,nancy28@warren-smith.net
577658,qsimon@allen.net
705422,normamartin@mendoza.com
510277,taylortiffany@yahoo.com
818456,donald21@yahoo.com
645121,stephenmccarthy@hotmail.com
509430,brockamanda@gmail.com
771546,ljohnson@gmail.com
570763,sallymorgan@heath.com
741605,opatrick@gmail.com
713157,lindahill@rivera.info
538458,tmorse@powell.info
686377,erica58@manning.info
837060,victorferguson@rivera-leblanc.com
821751,jeffreyprice@hotmail.com
559974,caleblewis@yahoo.com
635924,lnguyen@gmail.com
761557,jason67@hotmail.com
557440,tony35@henderson.info
842159,gwendolynsmith@james-taylor.org
898095,nhoward@garner-riley.com
899112,fitzgeraldmadison@yahoo.com
508900,marshethan@gmail.com
817087,alexanderjames@moore-jones.org
695940,uhill@yahoo.com
638081,michael93@lewis.com
615920,yedwards@torres-bates.com
776998,stevenskristi@valencia-lee.com
659290,nmoore@morgan-richardson.biz
593233,jorge96@rosario.net
623497,khill@yahoo.com
822706,nicole10@reynolds.biz
883359,jennifer10@gmail.com
887413,markmcguire@chapman.com
548364,bmcintyre@yahoo.com
713401,wilsonrobert@yahoo.com
619689,amy05@lamb.info
595871,micheletaylor@hotmail.com
710607,kelleylouis@gmail.com
889374,laura56@green.biz
742555,toni01@hotmail.com
829566,diazian@turner-jackson.org
762572,lisa92@gmail.com
518987,robertsanchez@todd.org
895218,andrew09@frazier-cochran.com
604042,westpatricia@hotmail.com
831254,pwilliams@hotmail.com
838847,dcollins@carpenter.biz
742424,william14@hotmail.com
865657,schultzmatthew@leonard.com
832245,zlyons@watts-gibson.net
763039,zlara@johnson.info
657433,drakeedward@morgan-green.com
738910,smithbrian@wilkins.com
637900,donna97@walker.com
806679,gilmorelarry@cohen.com
772725,rodriguezcrystal@yahoo.com
781614,jason18@hotmail.com
633295,alindsey@yahoo.com
521495,dickersonjoel@gmail.com
655433,johnsonkeith@yahoo.com
822769,laurenwalker@hotmail.com
683554,zrice@gmail.com
848636,james20@yahoo.com
654006,cramirez@moore.biz
515511,karen52@scott-gross.biz
576299,paulhayes@yahoo.com
713097,mcdonaldmatthew@lewis.com
780942,holmesfrank@gmail.com
846411,tashapeters@yahoo.com
684563,joseph79@oliver-rogers.com
538932,robert59@gmail.com
733608,hsmith@gmail.com
606246,david91@yahoo.com
520932,elizabethgarcia@yahoo.com
672896,heatherfox@yahoo.com
855733,wgoodwin@hotmail.com
792244,ibarr@hotmail.com
741678,kennethsimmons@ortiz-jones.info
711686,vdonovan@kelley.com
894066,livingstonsandra@becker.info
837621,kwilson@yahoo.com
574548,brookegill@hotmail.com
604274,dennispeters@hotmail.com
609298,allisonwilkinson@walker-mosley.info
793791,joannbrooks@shaffer-wilcox.org
509698,christineedwards@yahoo.com
632796,dhernandez@hotmail.com
762024,zachary48@gmail.com
800667,perezangela@gmail.com
712277,davidmartha@hotmail.com
773624,lisawalter@watson.com
610688,isaiah53@shelton.info
699629,amanda93@yahoo.com
861325,jmueller@gmail.com
663219,butlerbrandon@solomon.com
589104,brandon14@white.com
742378,kevingilbert@hotmail.com
882625,waguirre@yahoo.com
614442,luke76@reynolds.info
771477,steven50@gmail.com
604466,ogalvan@brewer-robles.com
713866,carolmitchell@smith.net
773330,josesnow@cole.com
676030,jasondavis@yahoo.com
645503,michael65@gmail.com
690715,rhernandez@hotmail.com
863981,njones@may.com
790054,michellebarnes@davis.com
514856,erikaharris@rivera-jackson.com
682601,sara85@yahoo.com
832292,ekeller@hotmail.com
581653,wardjerry@stone.com
645048,whitneybishop@kelley.info
888773,lambmichael@hotmail.com
809238,campbellmary@taylor.info
516238,mmiller@gmail.com
783399,tiffany78@gmail.com
564026,qjenkins@gmail.com
715748,gmartinez@stevens-oconnor.info
615563,denise84@yahoo.com
855887,fernandezyvonne@lewis.com
641634,chris72@yahoo.com
622067,brittanyramirez@tapia.com
863068,jessica25@yahoo.com
672656,greeneandrew@joseph.info
653296,amber03@martinez.info
735881,jillbutler@yahoo.com
896849,xhatfield@hall-lambert.com
749276,jacksonkatie@miller.com
636955,robertgarcia@luna.com
802347,lawrencelinda@gmail.com
738589,shortguy@yahoo.com
814596,douglasbrown@gmail.com
507590,brooksryan@hotmail.com
599248,cbrooks@turner.com
818346,bryan90@snyder-dunn.com
579031,micheal11@maynard-martin.biz
539637,lindabarr@williams-roach.biz
885775,hamiltonjulie@hotmail.com
828707,jenniferacevedo@yahoo.com
746353,erincollins@nielsen-odom.info
647669,davidmays@walker-young.com
530097,james72@lambert.info
878408,ffreeman@gmail.com
832301,melissa30@gmail.com
760090,sanchezjohn@howell-davis.org
720650,christopher97@myers.com
847202,tuckersean@hotmail.com
865975,trevinoamy@johnson.org
831775,tammymiller@cooper.com
814015,ffrank@gmail.com
621103,tyler14@gmail.com
574099,ashley47@yahoo.com
500600,mariesellers@estrada.biz
719945,corycastillo@dorsey.biz
566420,hmcintyre@yahoo.com
579904,kpowell@yahoo.com
656735,karendunn@snyder-bennett.com
572943,crosbykatherine@gmail.com
896616,brittney53@yahoo.com
783064,warrentimothy@martin.com
893493,udavis@gmail.com
576776,waynewagner@owen.com
621413,lisa68@ortega.info
840729,ltucker@schultz.info
640099,robert03@kennedy-grimes.biz
624444,deanheather@yahoo.com
720159,cynthiaswanson@wood.org
650261,josephreed@miller-weber.com
812335,joshua84@hotmail.com
806758,brian90@yahoo.com
545032,gabriel56@yahoo.com
836734,nicolelindsey@villanueva.com
653536,robbinsanthony@gmail.com
572093,floresgary@johnson.biz
875852,brittneyjohnson@yahoo.com
886168,janetreese@fitzgerald.info
844993,joshua53@gmail.com
865246,uanderson@smith.com
758547,sstephens@nelson.net
714834,chavezvictor@robbins.com
637011,jameshamilton@yahoo.com
872548,ygreene@bender.net
716124,donald02@yahoo.com
891167,jaredellis@yahoo.com
569206,louis97@gmail.com
520958,yadams@bartlett-davis.com
871810,melissaespinoza@gmail.com
814904,greenstacey@gmail.com
808984,laura16@lee-johnson.com
856145,travis23@wilson.biz
793194,ronald17@velazquez.com
837052,pcooper@moyer.info
541116,thompsonbarbara@stevens-williams.com
592729,sarahale@peck-moore.com
543464,davidsimmons@hotmail.com
669624,vstewart@hotmail.com
863560,thomas86@lopez-soto.com
603024,diane11@evans.org
862351,ifleming@yahoo.com
523762,ericcosta@powell.net
634920,stephanie30@yahoo.com
783110,bradymegan@yahoo.com
608093,lisa46@hotmail.com
533012,lopezjason@hotmail.com
672139,brookefitzgerald@hotmail.com
526152,jonathancraig@yahoo.com
584787,alexandra13@hotmail.com
532539,erin41@yahoo.com
765692,paul95@gmail.com
831533,parksblake@gmail.com
531056,morgan05@rodriguez.com
661238,nrobertson@castillo-randolph.info
692404,jennamoss@hotmail.com
740544,michaelbaker@johnson.org
530255,michael50@jacobs.com
863087,oliverkaren@baker.com
772551,greencarol@yahoo.com
859447,bradleycamacho@hotmail.com
707158,knightrandy@christensen.com
821317,christina57@hotmail.com
592224,mark02@roberts.com
626972,lesliebarnes@hotmail.com
869528,zmatthews@gmail.com
895579,mcbridegary@yahoo.com
650536,nicholasspence@yahoo.com
512282,laurarodriguez@suarez.biz
621760,eglover@yahoo.com
618009,jreed@hotmail.com
680055,wwalker@clark.com
855321,grodriguez@yahoo.com
605574,edavis@yahoo.com
686776,ann89@gmail.com
645598,jameshoward@kim.com
876210,allisonbennett@sims.com
879101,jonesandrew@yahoo.com
604861,owhitehead@gmail.com
501937,btorres@smith.com
566992,sherrymorgan@fitzgerald.com
896958,scottbarbara@martin.com
620260,jodisantos@hotmail.com
769056,owinters@yahoo.com
579457,mcleanrichard@yahoo.com
877506,hestercarol@yahoo.com
628802,ereynolds@gmail.com
553113,jtaylor@gmail.com
690965,newmanjessica@hotmail.com
783230,pscott@hotmail.com
757515,lisa53@yahoo.com
733963,falvarado@hotmail.com
798842,nlevine@harper-whitaker.com
573701,karen03@hotmail.com
677709,meganle@yahoo.com
836485,rodriguezphillip@yahoo.com
501096,harmonandrew@yahoo.com
651104,gardnerjonathan@humphrey.org
677550,samuel35@cruz.info
738472,chuang@chaney-kelly.biz
729763,steven36@webster.com
504084,traci57@watkins.org
803664,herreracarl@hotmail.com
720764,tmeza@golden.com
542292,wvaughn@yahoo.com
728551,karacole@robles-wilson.com
588713,jessicaweeks@higgins.com
679409,jjohnston@gmail.com
781760,connie12@gmail.com
651040,tatenathan@yahoo.com
663121,james01@hotmail.com
594537,dannygriffin@collins-nolan.biz
702452,zbailey@ibarra.net
761883,gutierrezchris@hotmail.com
672614,mthompson@frazier.com
769221,benjaminmartin@hoffman.com
527028,robert72@gmail.com
506762,lewisandrew@hudson.com
709795,ipatterson@yahoo.com
870289,sgillespie@wolf-white.info
665734,lisaanderson@yahoo.com
737793,ekirby@yahoo.com
653214,bucklisa@cameron-wilson.org
893573,jesus91@yahoo.com
702819,samantha02@gmail.com
527454,losborne@mullins.com
835018,kathleen87@dean.org
516631,murraychristopher@gmail.com
596749,lschmitt@gmail.com
744411,katherine03@wilson-petersen.com
519204,steven24@hotmail.com
636267,anthony85@knight.info
774344,anthonykim@yahoo.com
572489,andrespineda@gmail.com
667104,ystanley@diaz.org
675024,carolpham@jacobson.com
540293,gregory82@hotmail.com
819100,shelbyrichardson@gmail.com
829018,debra38@bond.com
791186,gnichols@bauer.net
673395,leonardrobert@yahoo.com
764069,timothy71@yahoo.com
614414,cstafford@keller.org
780832,rachelshepard@harris-barker.com
807186,ginamason@yahoo.com
795817,laurablair@holmes.com
881778,lmcfarland@davis.biz
596976,charris@yahoo.com
505507,kingmatthew@white.org
602157,fisherfelicia@hotmail.com
607356,jennyoneill@mcgrath-reynolds.net
761017,cherylbrewer@sosa.biz
677529,aellison@gmail.com
836163,kathymartin@yahoo.com
851960,kbryan@yahoo.com
701043,ufrench@hotmail.com
540683,jonessherry@robbins.com
559662,swright@bowman-thomas.com
592063,allendeanna@hotmail.com
801485,morgan56@yahoo.com
815180,khubbard@gmail.com
764049,michaeltaylor@kramer.net
802609,youngkelly@gmail.com
549739,valerie22@hotmail.com
870451,joannmurray@gmail.com
598220,harrellfelicia@johnson-williams.com
855987,khunter@hotmail.com
658274,joannehall@yahoo.com
571308,ykey@malone-miranda.com
849274,lhorton@gmail.com
752796,qflores@gmail.com
834561,joshua45@gonzalez.org
601346,aglover@jones.com
521979,landerson@gmail.com
542909,geraldsmith@turner.com
835809,nicholsdeanna@hotmail.com
859426,javier58@mclaughlin.biz
633070,xward@gmail.com
895996,bettysantana@moore.com
797776,brandon97@miller-casey.com
667243,hutchinsonlawrence@morales.com
811100,ryanjulie@hotmail.com
596181,zdelgado@gutierrez.com
696804,jenniferhawkins@gmail.com
556077,gregorycastro@curtis-sellers.org
665195,jacobwilliams@arellano-hernandez.com
661535,jason41@gmail.com
618698,andrea22@yahoo.com
854892,dudleykelly@hotmail.com
619397,diane99@gmail.com
525048,kyle25@hotmail.com
744362,mccarthywilliam@hotmail.com
596070,theresa70@gmail.com
751722,nharris@yahoo.com
764536,vbishop@kane.com
767691,elizabethtanner@hotmail.com
760693,maria01@lam.com
776524,tamaramendez@gmail.com
845379,kathyweiss@long-armstrong.com
667033,mendozajennifer@yahoo.com
619829,jared52@poole-davis.com
711432,pmiles@zavala.org
548742,perkinsjennifer@hotmail.com
798282,kayla14@hotmail.com
633815,ljohnson@kaiser.com
619320,wardjoseph@yahoo.com
883298,lholland@hotmail.com
830382,ewiggins@gmail.com
755696,donnamorgan@hotmail.com
588189,eschaefer@mcmillan.com
709073,brittany76@flores.com
706754,forbespaul@alexander.info
792234,csolis@russo.net
612289,ycisneros@fisher.com
783441,perrytrevor@gmail.com
800775,patrickgarcia@yahoo.com
770183,mitchellmegan@gmail.com
547543,schmidtcandice@burch.org
668960,qpreston@gmail.com
586360,kelly54@yahoo.com
644726,alan07@hotmail.com
691095,lwilliams@mathis.com
640015,timothy02@gmail.com
744589,wbrennan@gmail.com
510416,khansen@yahoo.com
751293,murphypatrick@yahoo.com
588574,qowens@kramer.biz
524216,katherinemeyer@brown-robinson.com
605897,smithkayla@hotmail.com
856057,kelly88@dunn.info
893316,qtaylor@ramirez.com
580724,bschneider@gmail.com
587287,ssanders@kim.com
552584,ashleyanderson@hotmail.com
602471,pettydavid@kelly-shepherd.info
732818,madeline66@smith.com
655190,william70@hotmail.com
767351,wallacemiranda@gmail.com
691522,melissamartinez@hotmail.com
850976,wdavis@walker-griffith.com
548456,andrea70@raymond-rasmussen.net
849332,fpotts@conner.com
796361,annagarcia@hotmail.com
858029,jenniferduke@gmail.com
689888,clarkvalerie@gmail.com
695699,pamela00@hotmail.com
741854,samantha75@hotmail.com
621405,amyross@yahoo.com
870964,smithjames@boyd.com
715475,shannon93@walsh.com
811851,qbrady@gmail.com
825098,nhines@gmail.com
603254,kellyveronica@gmail.com
679941,reevessylvia@yahoo.com
825448,khines@wood.biz
616403,jcrawford@douglas.com
716423,phanson@kim.com
700909,carlarichardson@kelly.com
527877,romantiffany@yahoo.com
825190,morseheather@fitzgerald-buckley.com
740517,randall74@yahoo.com
605156,erica49@yahoo.com
839862,angela51@hines.biz
592442,osalinas@gmail.com
604256,ssalazar@hotmail.com
647404,whiteanthony@yahoo.com
604714,jameshall@hotmail.com
561917,gregorygoodman@lindsey-singleton.org
699901,gpage@daugherty-morse.com
653085,cmccormick@yahoo.com
890466,john54@gmail.com
596447,turnerrichard@hotmail.com
796833,mcontreras@gmail.com
647949,matthew84@hunter.com
617518,christopherthomas@gmail.com
589994,aherman@delgado.org
766891,melissa34@kemp.info
681850,tadams@hotmail.com
699084,christopher79@humphrey-friedman.com
681609,rodneygarcia@yahoo.com
869970,hkeith@mcclure.com
651338,claytonkevin@bradford.com
739365,zwilliams@kennedy-miller.com
634468,steven90@hotmail.com
773312,eric33@brown.info
548226,danielsthomas@hunter-smith.com
764313,michealthompson@hotmail.com
768608,charlesbowers@hotmail.com
520452,caitlin58@hotmail.com
559572,alexandrabrown@yahoo.com
555380,cflores@hotmail.com
771916,millersonya@hotmail.com
704008,mpeterson@gmail.com
775949,gzavala@hotmail.com
889715,hartjamie@yahoo.com
711766,taylor05@gmail.com
875259,deborah90@bass.net
600274,sarah29@maxwell.com
528233,brent44@gmail.com
866204,monica91@gmail.com
846429,rebecca61@russell.biz
687378,shirley02@clay-lopez.com
512080,barneskristen@gmail.com
660954,wclark@estes.net
796431,zdavis@moody.com
599392,ccampos@yahoo.com
779705,william24@nguyen.org
881769,wilsonvictoria@stewart.com
572137,nphelps@walker.biz
791479,sheilawyatt@wolfe.com
744869,angela26@cruz-wells.com
704992,shawn81@hotmail.com
671908,longautumn@hotmail.com
705651,melissa43@hooper-parker.org
667688,banksvanessa@abbott.com
541200,bowerssuzanne@hotmail.com
598648,thomasvictor@klein.info
561390,ianjones@johnson.com
533895,allisonmelinda@reyes.net
536624,howardpaul@kim.com
826760,hgrimes@payne.com
706153,cayers@anderson.net
857087,pflores@vargas-mclaughlin.info
781902,wallertyrone@hotmail.com
831196,vwoods@francis.net
510950,aballard@yahoo.com
544700,johnolson@gmail.com
735427,jimquinn@mcgee-davis.info
897997,lwhitaker@thomas.biz
731299,nflores@ali.net
531983,joseph01@gmail.com
880613,zlewis@williams.net
777010,sandrahernandez@haas.com
641446,rjackson@schneider.org
607061,stoutdavid@hotmail.com
824612,wagnereduardo@huynh.com
537597,nbridges@williams.info
688791,nataliegarcia@neal.com
866644,cynthia10@murphy.com
693327,adampittman@shea.info
875848,christopher69@gmail.com
897899,ronniecruz@sandoval.net
736000,tmalone@anderson-walton.net
556059,laura89@shelton.org
544400,christopher39@house.com
804451,bobbywang@gmail.com
533829,uphillips@nichols-williams.com
775153,bradleyperez@gmail.com
504277,stephanierasmussen@fletcher.com
805829,millerjohn@foster.com
798062,joseph10@goodman.biz
